-1	-1.93E-09		-0.99999	-4.42E-09		-1	-3.73E-08		-0.99999	-6.64E-08
-0.98999	-1.81E-09		-0.98999	-4.44E-09		-0.98999	-3.61E-08		-0.98999	-6.69E-08
-0.97999	-1.75E-09		-0.97998	-4.43E-09		-0.97999	-3.55E-08		-0.97999	-6.46E-08
-0.96995	-1.66E-09		-0.96995	-4.37E-09		-0.96995	-3.43E-08		-0.96995	-6.21E-08
-0.95995	-1.60E-09		-0.95994	-4.31E-09		-0.95995	-3.46E-08		-0.95994	-6.10E-08
-0.94994	-1.56E-09		-0.94994	-4.31E-09		-0.94994	-3.35E-08		-0.94994	-6.06E-08
-0.93995	-1.48E-09		-0.93995	-4.26E-09		-0.93996	-3.25E-08		-0.93995	-5.74E-08
-0.92997	-1.41E-09		-0.92996	-4.23E-09		-0.92997	-3.18E-08		-0.92997	-5.54E-08
-0.91994	-1.33E-09		-0.91994	-4.17E-09		-0.91994	-3.07E-08		-0.91994	-5.52E-08
-0.90995	-1.32E-09		-0.90995	-4.15E-09		-0.90996	-3.08E-08		-0.90995	-5.28E-08
-0.89996	-1.25E-09		-0.89996	-4.11E-09		-0.89997	-2.91E-08		-0.89996	-5.12E-08
-0.88998	-1.20E-09		-0.88998	-4.01E-09		-0.88998	-2.82E-08		-0.88998	-5.13E-08
-0.88	-1.20E-09		-0.88	-3.96E-09		-0.88	-2.73E-08		-0.88	-4.78E-08
-0.87001	-1.17E-09		-0.87002	-3.93E-09		-0.87001	-2.63E-08		-0.87001	-4.51E-08
-0.85999	-1.12E-09		-0.85999	-3.83E-09		-0.86	-2.63E-08		-0.85999	-4.36E-08
-0.85	-1.08E-09		-0.85	-3.75E-09		-0.85	-2.54E-08		-0.85	-4.21E-08
-0.84001	-1.04E-09		-0.84002	-3.64E-09		-0.84002	-2.45E-08		-0.84001	-4.09E-08
-0.83002	-1.00E-09		-0.83003	-3.62E-09		-0.83003	-2.43E-08		-0.83003	-4.02E-08
-0.82004	-9.63E-10		-0.82004	-3.55E-09		-0.82004	-2.28E-08		-0.82005	-3.68E-08
-0.81004	-9.19E-10		-0.81004	-3.43E-09		-0.81005	-2.28E-08		-0.81005	-3.54E-08
-0.80001	-8.61E-10		-0.80001	-3.34E-09		-0.80001	-2.15E-08		-0.80001	-3.30E-08
-0.79001	-8.32E-10		-0.79001	-3.34E-09		-0.79001	-2.05E-08		-0.79001	-3.28E-08
-0.78	-8.29E-10		-0.78001	-3.23E-09		-0.78	-1.98E-08		-0.78	-3.04E-08
-0.77	-8.00E-10		-0.77	-3.08E-09		-0.77	-1.91E-08		-0.77	-2.99E-08
-0.76	-7.72E-10		-0.76	-2.99E-09		-0.76	-1.89E-08		-0.76	-2.71E-08
-0.74996	-7.52E-10		-0.74996	-2.90E-09		-0.74997	-1.78E-08		-0.74997	-2.58E-08
-0.73997	-7.46E-10		-0.73997	-2.83E-09		-0.73998	-1.74E-08		-0.73998	-2.34E-08
-0.72997	-7.04E-10		-0.72997	-2.76E-09		-0.72997	-1.67E-08		-0.72998	-2.27E-08
-0.71997	-6.68E-10		-0.71997	-2.73E-09		-0.71997	-1.60E-08		-0.71997	-2.07E-08
-0.70997	-6.42E-10		-0.70997	-2.53E-09		-0.70997	-1.52E-08		-0.70997	-2.02E-08
-0.69996	-6.15E-10		-0.69997	-2.51E-09		-0.69996	-1.46E-08		-0.69997	-1.86E-08
-0.68993	-6.02E-10		-0.68993	-2.47E-09		-0.68993	-1.42E-08		-0.68993	-1.72E-08
-0.67992	-5.69E-10		-0.67993	-2.34E-09		-0.67993	-1.38E-08		-0.67993	-1.57E-08
-0.66993	-5.55E-10		-0.66993	-2.29E-09		-0.66993	-1.28E-08		-0.66993	-1.57E-08
-0.65994	-5.34E-10		-0.65995	-2.24E-09		-0.65994	-1.24E-08		-0.65996	-1.50E-08
-0.64995	-5.12E-10		-0.64995	-2.16E-09		-0.64996	-1.21E-08		-0.64995	-1.26E-08
-0.63996	-4.89E-10		-0.63997	-2.10E-09		-0.63997	-1.11E-08		-0.63997	-1.25E-08
-0.62994	-4.59E-10		-0.62995	-1.96E-09		-0.62994	-1.14E-08		-0.62995	-1.12E-08
-0.61995	-4.44E-10		-0.61995	-1.83E-09		-0.61996	-1.05E-08		-0.61995	-9.01E-09
-0.60997	-4.17E-10		-0.60997	-1.76E-09		-0.60997	-1.03E-08		-0.60997	-7.80E-09
-0.59999	-4.10E-10		-0.59999	-1.67E-09		-0.59999	-9.58E-09		-0.59999	-7.53E-09
-0.59001	-3.82E-10		-0.59	-1.58E-09		-0.59	-9.31E-09		-0.59	-6.54E-09
-0.57998	-3.58E-10		-0.57998	-1.50E-09		-0.57998	-9.10E-09		-0.57998	-4.75E-09
-0.56999	-3.34E-10		-0.56999	-1.45E-09		-0.56999	-8.74E-09		-0.56999	-4.35E-09
-0.56001	-3.12E-10		-0.56	-1.33E-09		-0.56	-8.52E-09		-0.56001	-4.10E-09
-0.55002	-3.00E-10		-0.55001	-1.27E-09		-0.55002	-7.72E-09		-0.55002	-2.29E-09
-0.54003	-2.88E-10		-0.54002	-1.25E-09		-0.54002	-7.39E-09		-0.54002	-1.39E-09
-0.53002	-2.77E-10		-0.53002	-1.24E-09		-0.53002	-7.06E-09		-0.53002	-1.13E-09
-0.51999	-2.73E-10		-0.51999	-1.15E-09		-0.51999	-6.45E-09		-0.51999	-1.03E-09
-0.50998	-2.54E-10		-0.50998	-1.05E-09		-0.50998	-6.31E-09		-0.50996	-5.75E-10
-0.49998	-2.45E-10		-0.49998	-9.95E-10		-0.49998	-5.74E-09		-0.5	-2.55E-10
-0.48998	-2.26E-10		-0.48997	-9.21E-10		-0.48997	-5.57E-09		-0.48996	7.13E-10
-0.47997	-2.16E-10		-0.47997	-8.52E-10		-0.47997	-5.39E-09		-0.47997	1.25E-09
-0.46998	-2.04E-10		-0.46998	-8.21E-10		-0.46998	-4.54E-09		-0.46996	2.34E-09
-0.45994	-1.90E-10		-0.45994	-7.38E-10		-0.45994	-4.29E-09		-0.45993	2.74E-09
-0.44994	-1.78E-10		-0.44994	-6.96E-10		-0.44994	-4.03E-09		-0.44994	3.67E-09
-0.43994	-1.70E-10		-0.43993	-6.33E-10		-0.43994	-3.86E-09		-0.43993	4.45E-09
-0.42993	-1.60E-10		-0.42993	-5.68E-10		-0.42993	-3.39E-09		-0.42992	5.08E-09
-0.41993	-1.52E-10		-0.41993	-5.29E-10		-0.41993	-2.94E-09		-0.41993	5.92E-09
-0.40989	-1.42E-10		-0.40989	-4.60E-10		-0.4099	-2.75E-09		-0.40989	7.05E-09
-0.39989	-1.32E-10		-0.39989	-4.25E-10		-0.39989	-2.56E-09		-0.39989	7.48E-09
-0.3899	-1.27E-10		-0.3899	-3.90E-10		-0.3899	-2.15E-09		-0.3899	8.19E-09
-0.37992	-1.20E-10		-0.37992	-3.53E-10		-0.37992	-1.96E-09		-0.37992	8.22E-09
-0.36993	-1.11E-10		-0.36993	-2.97E-10		-0.36993	-1.66E-09		-0.36993	8.76E-09
-0.35994	-1.02E-10		-0.35994	-2.56E-10		-0.35994	-1.19E-09		-0.35994	9.50E-09
-0.34992	-9.66E-11		-0.34993	-2.18E-10		-0.34992	-9.92E-10		-0.34992	9.92E-09
-0.33993	-8.92E-11		-0.33993	-1.88E-10		-0.33994	-8.02E-10		-0.33993	1.02E-08
-0.32995	-8.53E-11		-0.32996	-1.14E-10		-0.32995	-2.46E-10		-0.32995	1.09E-08
-0.31997	-8.12E-11		-0.31997	-6.68E-11		-0.31998	-7.42E-11		-0.31997	1.14E-08
-0.30998	-7.63E-11		-0.30998	-9.81E-12		-0.30998	1.68E-10		-0.30998	1.16E-08
-0.29996	-7.31E-11		-0.29995	4.41E-11		-0.29995	5.49E-10		-0.29996	1.18E-08
-0.28997	-6.85E-11		-0.28996	9.51E-11		-0.28996	7.97E-10		-0.28997	1.26E-08
-0.27998	-6.49E-11		-0.27998	1.21E-10		-0.27998	1.07E-09		-0.27998	1.26E-08
-0.26999	-6.10E-11		-0.26999	1.77E-10		-0.26998	1.47E-09		-0.26999	1.29E-08
-0.26	-5.90E-11		-0.25999	2.15E-10		-0.25999	1.68E-09		-0.26	1.35E-08
-0.24999	-5.40E-11		-0.24998	2.62E-10		-0.24998	2.01E-09		-0.24999	1.39E-08
-0.23996	-5.15E-11		-0.23995	2.94E-10		-0.23995	2.14E-09		-0.23996	1.40E-08
-0.22996	-4.78E-11		-0.22995	3.30E-10		-0.22995	2.52E-09		-0.22996	1.43E-08
-0.21995	-4.51E-11		-0.21995	3.73E-10		-0.21995	2.95E-09		-0.21995	1.47E-08
-0.20995	-4.21E-11		-0.20995	3.66E-10		-0.20994	3.04E-09		-0.20995	1.49E-08
-0.2	-4.06E-11		-0.19999	4.00E-10		-0.2	3.46E-09		-0.2	1.51E-08
-0.19001	-3.90E-11		-0.19	4.51E-10		-0.19	3.82E-09		-0.19001	1.52E-08
-0.18001	-3.56E-11		-0.18	4.91E-10		-0.18	3.89E-09		-0.18	1.58E-08
-0.17	-3.28E-11		-0.17	5.24E-10		-0.16999	4.18E-09		-0.17	1.58E-08
-0.16001	-3.01E-11		-0.16	5.70E-10		-0.16	4.50E-09		-0.16	1.63E-08
-0.15	-2.84E-11		-0.15	6.01E-10		-0.14999	4.70E-09		-0.15	1.66E-08
-0.14	-2.50E-11		-0.14	6.31E-10		-0.14001	4.84E-09		-0.14001	1.70E-08
-0.13	-2.25E-11		-0.13001	6.47E-10		-0.13001	5.00E-09		-0.13	1.74E-08
-0.12	-2.17E-11		-0.12	6.59E-10		-0.12	5.33E-09		-0.12	1.74E-08
-0.11	-1.89E-11		-0.11	6.92E-10		-0.11001	5.55E-09		-0.11	1.78E-08
-0.1	-1.65E-11		-0.1	7.24E-10		-0.1	5.72E-09		-0.1	1.82E-08
-0.08999	-1.50E-11		-0.08999	7.47E-10		-0.08999	5.96E-09		-0.08999	1.82E-08
-0.08	-1.33E-11		-0.08	7.67E-10		-0.08	6.12E-09		-0.08	1.84E-08
-0.06999	-1.18E-11		-0.06999	7.92E-10		-0.07	6.39E-09		-0.06999	1.89E-08
-0.05999	-1.01E-11		-0.06	8.13E-10		-0.05999	6.86E-09		-0.05999	1.94E-08
-0.04999	-8.71E-12		-0.05	8.41E-10		-0.05	6.83E-09		-0.04999	1.93E-08
-0.03998	-7.13E-12		-0.03999	8.86E-10		-0.03999	7.20E-09		-0.03999	1.94E-08
-0.02999	-5.31E-12		-0.02999	8.91E-10		-0.02999	7.30E-09		-0.02999	2.01E-08
-0.02	-3.42E-12		-0.01999	9.05E-10		-0.01999	7.61E-09		-0.01999	2.07E-08
-0.00998	-1.65E-12		-0.00998	9.35E-10		-0.00999	7.80E-09		-0.00998	2.06E-08
1.25E-05	7.63E-15		1.17E-05	9.57E-10		9.23E-06	7.79E-09		1.04E-05	2.09E-08
0.01001	1.72E-12		0.01	9.80E-10		0.01	8.15E-09		0.01	2.11E-08
0.02002	3.54E-12		0.02001	1.00E-09		0.02001	8.22E-09		0.02001	2.14E-08
0.03001	5.34E-12		0.03001	1.03E-09		0.03001	8.47E-09		0.03001	2.19E-08
0.04001	7.03E-12		0.04	1.07E-09		0.04	8.56E-09		0.04	2.18E-08
0.05001	8.99E-12		0.05001	1.09E-09		0.05001	8.79E-09		0.05001	2.23E-08
0.06001	1.12E-11		0.06	1.14E-09		0.06	9.07E-09		0.06001	2.27E-08
0.07001	1.23E-11		0.07001	1.14E-09		0.07	8.97E-09		0.07001	2.28E-08
0.08002	1.38E-11		0.08001	1.15E-09		0.08001	9.18E-09		0.08001	2.34E-08
0.09001	1.58E-11		0.09	1.16E-09		0.09	9.63E-09		0.09001	2.36E-08
0.10001	1.72E-11		0.10001	1.23E-09		0.10001	9.64E-09		0.10001	2.39E-08
0.11001	1.93E-11		0.11001	1.24E-09		0.11001	9.63E-09		0.11002	2.44E-08
0.12001	2.17E-11		0.12	1.29E-09		0.12	9.81E-09		0.12001	2.49E-08
0.13002	2.34E-11		0.13001	1.35E-09		0.13001	1.01E-08		0.13001	2.46E-08
0.14001	2.51E-11		0.14001	1.34E-09		0.14001	1.02E-08		0.14001	2.49E-08
0.15001	2.73E-11		0.15	1.36E-09		0.15	1.02E-08		0.15	2.56E-08
0.16001	3.03E-11		0.16001	1.38E-09		0.16	1.01E-08		0.16001	2.58E-08
0.17001	3.31E-11		0.17	1.39E-09		0.17	1.05E-08		0.17	2.63E-08
0.18001	3.41E-11		0.18	1.44E-09		0.18	1.06E-08		0.18001	2.68E-08
0.19001	3.59E-11		0.19	1.44E-09		0.19	1.07E-08		0.19001	2.69E-08
0.2	3.97E-11		0.2	1.45E-09		0.2	1.08E-08		0.2	2.73E-08
0.21001	4.17E-11		0.21	1.48E-09		0.21	1.09E-08		0.21	2.76E-08
0.22002	4.45E-11		0.22001	1.52E-09		0.22001	1.11E-08		0.22002	2.82E-08
0.23002	4.36E-11		0.23001	1.56E-09		0.23001	1.11E-08		0.23002	2.83E-08
0.24002	4.64E-11		0.24002	1.61E-09		0.24002	1.11E-08		0.24002	2.90E-08
0.25002	4.97E-11		0.25002	1.63E-09		0.25002	1.14E-08		0.25002	2.94E-08
0.26002	5.22E-11		0.26002	1.66E-09		0.26002	1.14E-08		0.26003	2.96E-08
0.27005	5.61E-11		0.27006	1.71E-09		0.27005	1.14E-08		0.27006	3.01E-08
0.28004	6.03E-11		0.28005	1.74E-09		0.28005	1.17E-08		0.28005	3.09E-08
0.29003	6.46E-11		0.29003	1.76E-09		0.29003	1.16E-08		0.29004	3.13E-08
0.30002	6.73E-11		0.30002	1.77E-09		0.30002	1.19E-08		0.30003	3.15E-08
0.31001	7.22E-11		0.31001	1.79E-09		0.31001	1.20E-08		0.31002	3.21E-08
0.32	7.77E-11		0.32	1.82E-09		0.32	1.20E-08		0.32	3.20E-08
0.32999	8.08E-11		0.32999	1.84E-09		0.32999	1.22E-08		0.32999	3.19E-08
0.34	8.30E-11		0.34	1.88E-09		0.34	1.22E-08		0.34001	3.31E-08
0.34999	8.24E-11		0.34999	1.91E-09		0.34999	1.25E-08		0.34999	3.24E-08
0.35998	8.87E-11		0.35998	1.89E-09		0.35998	1.25E-08		0.35998	3.38E-08
0.36996	9.08E-11		0.36997	1.91E-09		0.36997	1.29E-08		0.36997	3.40E-08
0.37995	9.42E-11		0.37995	1.96E-09		0.37996	1.27E-08		0.37996	3.43E-08
0.38994	1.02E-10		0.38994	2.03E-09		0.38994	1.29E-08		0.38994	3.54E-08
0.39996	1.05E-10		0.39997	2.05E-09		0.39997	1.29E-08		0.39997	3.59E-08
0.40997	1.10E-10		0.40997	2.12E-09		0.40997	1.30E-08		0.40997	3.60E-08
0.41997	1.15E-10		0.41997	2.13E-09		0.41997	1.33E-08		0.41998	3.68E-08
0.42997	1.15E-10		0.42998	2.16E-09		0.42998	1.33E-08		0.42998	3.66E-08
0.43998	1.22E-10		0.43998	2.13E-09		0.43998	1.33E-08		0.43999	3.78E-08
0.44998	1.25E-10		0.44998	2.19E-09		0.44998	1.35E-08		0.44999	3.74E-08
0.45999	1.31E-10		0.45999	2.24E-09		0.45999	1.40E-08		0.46	3.79E-08
0.47002	1.36E-10		0.47003	2.28E-09		0.47003	1.39E-08		0.47004	3.89E-08
0.48002	1.39E-10		0.48002	2.32E-09		0.48002	1.39E-08		0.48003	3.91E-08
0.49002	1.46E-10		0.49002	2.32E-09		0.49002	1.40E-08		0.49003	3.99E-08
0.50002	1.48E-10		0.50003	2.34E-09		0.50003	1.40E-08		0.50003	3.96E-08
0.51003	1.56E-10		0.51003	2.39E-09		0.51003	1.42E-08		0.51004	4.04E-08
0.52003	1.59E-10		0.52004	2.39E-09		0.52004	1.43E-08		0.52004	4.03E-08
0.53007	1.68E-10		0.53007	2.42E-09		0.53007	1.42E-08		0.53008	4.09E-08
0.54008	1.86E-10		0.54008	2.45E-09		0.54007	1.43E-08		0.54008	4.18E-08
0.55007	1.89E-10		0.55007	2.49E-09		0.55007	1.45E-08		0.55007	4.19E-08
0.56006	1.93E-10		0.56006	2.51E-09		0.56006	1.42E-08		0.56006	4.21E-08
0.57005	1.93E-10		0.57005	2.53E-09		0.57004	1.42E-08		0.57006	4.27E-08
0.58004	1.92E-10		0.58004	2.55E-09		0.58004	1.43E-08		0.58004	4.30E-08
0.59003	1.98E-10		0.59003	2.58E-09		0.59002	1.47E-08		0.59003	4.39E-08
0.60004	2.20E-10		0.60005	2.59E-09		0.60005	1.48E-08		0.60006	4.50E-08
0.61003	2.23E-10		0.61003	2.60E-09		0.61003	1.50E-08		0.61003	4.38E-08
0.62002	2.31E-10		0.62002	2.63E-09		0.62002	1.54E-08		0.62002	4.51E-08
0.63	2.31E-10		0.63001	2.69E-09		0.63	1.50E-08		0.63001	4.62E-08
0.63999	2.33E-10		0.63999	2.70E-09		0.63999	1.57E-08		0.64	4.61E-08
0.64998	2.38E-10		0.64998	2.74E-09		0.64998	1.55E-08		0.64999	4.65E-08
0.66001	2.51E-10		0.66001	2.77E-09		0.66001	1.55E-08		0.66001	4.73E-08
0.66999	2.59E-10		0.67	2.81E-09		0.67	1.56E-08		0.67	4.75E-08
0.67999	2.60E-10		0.67999	2.82E-09		0.67999	1.59E-08		0.68	4.75E-08
0.68999	2.70E-10		0.69	2.86E-09		0.68999	1.56E-08		0.69001	4.80E-08
0.69999	2.84E-10		0.7	2.87E-09		0.7	1.57E-08		0.7	4.81E-08
0.71	2.99E-10		0.71	2.90E-09		0.71	1.59E-08		0.71001	4.85E-08
0.72004	3.03E-10		0.72004	2.93E-09		0.72004	1.64E-08		0.72004	4.85E-08
0.73004	3.00E-10		0.73004	2.97E-09		0.73004	1.61E-08		0.73004	4.91E-08
0.74004	3.06E-10		0.74004	2.98E-09		0.74004	1.60E-08		0.74005	4.98E-08
0.75004	3.22E-10		0.75004	3.02E-09		0.75003	1.64E-08		0.75003	5.08E-08
0.76004	3.33E-10		0.76004	3.04E-09		0.76004	1.63E-08		0.76004	5.01E-08
0.77004	3.46E-10		0.77004	3.04E-09		0.77004	1.67E-08		0.77004	5.00E-08
0.78004	3.47E-10		0.78004	3.10E-09		0.78004	1.66E-08		0.78004	5.12E-08
0.79008	3.57E-10		0.79008	3.14E-09		0.79008	1.70E-08		0.79008	5.14E-08
0.80008	3.56E-10		0.80008	3.14E-09		0.80008	1.69E-08		0.80008	5.14E-08
0.81009	3.69E-10		0.81008	3.16E-09		0.81008	1.71E-08		0.81008	5.24E-08
0.82008	3.78E-10		0.82008	3.19E-09		0.82008	1.71E-08		0.82008	5.19E-08
0.83007	3.95E-10		0.83007	3.20E-09		0.83007	1.71E-08		0.83007	5.26E-08
0.84006	3.97E-10		0.84006	3.23E-09		0.84006	1.75E-08		0.84005	5.29E-08
0.85008	4.01E-10		0.85008	3.32E-09		0.85008	1.76E-08		0.85008	5.35E-08
0.86007	4.11E-10		0.86007	3.30E-09		0.86007	1.80E-08		0.86007	5.53E-08
0.87006	4.08E-10		0.87006	3.32E-09		0.87005	1.75E-08		0.87005	5.42E-08
0.88005	4.06E-10		0.88005	3.35E-09		0.88005	1.80E-08		0.88004	5.50E-08
0.89003	4.14E-10		0.89003	3.38E-09		0.89003	1.80E-08		0.89002	5.64E-08
0.90002	4.37E-10		0.90001	3.41E-09		0.90001	1.78E-08		0.90001	5.70E-08
0.91001	4.63E-10		0.91001	3.44E-09		0.91	1.82E-08		0.91	5.57E-08
0.92003	4.63E-10		0.92003	3.53E-09		0.92003	1.84E-08		0.92002	5.75E-08
0.93002	4.83E-10		0.93002	3.52E-09		0.93002	1.85E-08		0.93001	5.75E-08
0.94001	4.84E-10		0.94001	3.54E-09		0.94	1.77E-08		0.94	5.80E-08
0.95	4.92E-10		0.94999	3.59E-09		0.94999	1.81E-08		0.94999	5.80E-08
0.96	4.96E-10		0.96	3.62E-09		0.96	1.75E-08		0.95999	5.85E-08
0.96999	5.50E-10		0.97001	3.64E-09		0.97	1.84E-08		0.97	6.11E-08
0.98003	5.49E-10		0.98004	3.70E-09		0.98003	1.82E-08		0.98003	5.93E-08
0.99004	5.68E-10		0.99005	3.71E-09		0.99004	1.85E-08		0.99004	5.91E-08
1.00004	5.72E-10		1.00005	3.75E-09		1.00005	1.88E-08		1.00005	6.02E-08
