0.00 	2.2452E-09	-9.3160E-10
0.01 	3.1768E-09	-1.2847E-09
0.02 	4.4616E-09	-9.5506E-10
0.03 	5.4166E-09	-1.2803E-09
0.04 	6.6969E-09	-1.2785E-09
0.05 	7.9755E-09	-1.7210E-09
0.06 	9.6965E-09	-1.5785E-09
0.07 	1.1275E-08	-8.6853E-10
0.08 	1.2144E-08	-9.1205E-10
0.09 	1.3056E-08	-1.7712E-09
0.10 	1.4827E-08	-1.8157E-09
0.11 	1.6642E-08	-1.2885E-09
0.12 	1.7931E-08	-6.1056E-10
0.13 	1.8542E-08	-2.2646E-09
0.14 	2.0806E-08	-2.4393E-09
0.15 	2.3245E-08	-7.7498E-10
0.16 	2.4020E-08	-1.1967E-09
0.17 	2.5217E-08	-1.5595E-09
0.18 	2.6777E-08	-3.6572E-09
0.19 	3.0434E-08	-2.0611E-09
0.20 	3.2495E-08	-2.5919E-10
0.21 	3.2754E-08	-1.8839E-09
0.22 	3.4638E-08	-3.6916E-09
0.23 	3.8330E-08	-3.5326E-10
0.24 	3.8683E-08	-1.0787E-09
0.25 	3.9762E-08	-1.9707E-09
0.26 	4.1732E-08	-3.6932E-09
0.27 	4.5425E-08	-1.9693E-10
0.28 	4.5622E-08	5.0231E-10
0.29 	4.5120E-08	-3.5008E-09
0.30 	4.8621E-08	-4.1174E-10
0.31 	4.9033E-08	-4.4062E-09
0.32 	5.3439E-08	-1.3868E-09
0.33 	5.4826E-08	2.4322E-10
0.34 	5.4582E-08	-2.5753E-09
0.35 	5.7158E-08	-4.9435E-09
0.36 	6.2101E-08	7.9847E-10
0.37 	6.1303E-08	1.4778E-09
0.38 	5.9825E-08	-3.3222E-09
0.39 	6.3147E-08	-5.7714E-09
0.40 	6.8918E-08	-1.4866E-10
0.41 	6.9067E-08	2.5056E-09
0.42 	6.6562E-08	-4.1874E-09
0.43 	7.0749E-08	-6.2001E-09
0.44 	7.6949E-08	2.8403E-10
0.45 	7.6665E-08	1.5371E-09
0.46 	7.5128E-08	-2.4406E-09
0.47 	7.7569E-08	-5.3015E-09
0.48 	8.2870E-08	5.2043E-10
0.49 	8.2350E-08	7.4033E-10
0.50 	8.1609E-08	-4.0643E-09
0.51 	8.5674E-08	-4.2482E-09
0.52 	8.9922E-08	1.3100E-09
0.53 	8.8612E-08	1.1077E-09
0.54 	8.7504E-08	-5.0651E-09
0.55 	9.2569E-08	-5.0858E-09
0.56 	9.7655E-08	8.2311E-10
0.57 	9.6832E-08	1.1436E-09
0.58 	9.5688E-08	-3.6952E-09
0.59 	9.9383E-08	-3.0836E-09
0.60 	1.0247E-07	5.7808E-10
0.61 	1.0189E-07	-7.7619E-10
0.62 	1.0267E-07	-5.6883E-09
0.63 	1.0835E-07	-5.0135E-10
0.64 	1.0886E-07	2.1809E-09
0.65 	1.0667E-07	-1.3195E-09
0.66 	1.0799E-07	-6.3558E-09
0.67 	1.1435E-07	3.0500E-10
0.68 	1.1404E-07	2.2921E-09
0.69 	1.1175E-07	-3.4843E-09
0.70 	1.1524E-07	-6.0209E-09
0.71 	1.2126E-07	-1.3298E-09
0.72 	1.2259E-07	1.3021E-09
0.73 	1.2129E-07	-2.6387E-09
0.74 	1.2392E-07	-3.5937E-09
0.75 	1.2752E-07	1.1098E-09
0.76 	1.2641E-07	-2.9942E-09
0.77 	1.2940E-07	-2.6575E-09
0.78 	1.3206E-07	-3.6943E-09
0.79 	1.3575E-07	9.2167E-10
0.80 	1.3483E-07	-5.5232E-10
0.81 	1.3538E-07	-3.9347E-09
0.82 	1.3932E-07	-2.8794E-09
0.83 	1.4220E-07	7.2183E-10
0.84 	1.4148E-07	-3.0925E-09
0.85 	1.4457E-07	-4.5215E-09
0.86 	1.4909E-07	-2.2713E-09
0.87 	1.5136E-07	-1.3507E-09
0.88 	1.5271E-07	-2.5253E-09
0.89 	1.5524E-07	-3.2912E-09
0.90 	1.5853E-07	-3.4606E-09
0.91 	1.6199E-07	-1.3020E-09
0.92 	1.6329E-07	-3.7777E-09
0.93 	1.6707E-07	-3.1039E-09
0.94 	1.7017E-07	-3.5713E-09
0.95 	1.7375E-07	-2.4984E-10
0.96 	1.7399E-07	-3.6988E-09
0.97 	1.7769E-07	-7.1324E-09
0.98 	1.8483E-07	-6.4810E-09
0.99 	1.9131E-07	2.5760E-09
1.00 	1.8873E-07	-2.2222E-09
1.01 	1.9095E-07	-8.7878E-09
1.02 	1.9974E-07	-5.5745E-09
1.03 	2.0532E-07	-1.0399E-09
1.04 	2.0636E-07	-3.8776E-09
1.05 	2.1023E-07	-8.8858E-09
1.06 	2.1912E-07	-4.0986E-09
1.07 	2.2322E-07	-1.7624E-09
1.08 	2.2498E-07	-8.6412E-09
1.09 	2.3362E-07	-4.2348E-09
1.10 	2.3786E-07	-7.3823E-09
1.11 	2.4524E-07	-2.6989E-09
1.12 	2.4794E-07	-9.9744E-09
1.13 	2.5791E-07	-5.9970E-09
1.14 	2.6391E-07	-5.3680E-10
1.15 	2.6445E-07	-6.7424E-09
1.16 	2.7119E-07	-7.9554E-09
1.17 	2.7914E-07	-1.3745E-08
1.18 	2.9289E-07	-3.3381E-09
1.19 	2.9623E-07	-1.2403E-08
1.20 	3.0863E-07	-9.6056E-09
1.21 	3.1823E-07	-7.4709E-09
1.22 	3.2570E-07	-6.4831E-09
1.23 	3.3219E-07	-6.3967E-09
1.24 	3.3858E-07	-1.5413E-08
1.25 	3.5400E-07	-2.9927E-09
1.26 	3.5699E-07	-5.7973E-09
1.27 	3.6279E-07	-1.2466E-08
1.28 	3.7525E-07	-1.6351E-08
1.29 	3.9160E-07	-8.7032E-09
1.30 	4.0031E-07	-9.1948E-09
1.31 	4.0950E-07	-2.3332E-08
1.32 	4.3283E-07	-1.3632E-08
1.33 	4.4647E-07	-1.3839E-08
1.34 	4.6030E-07	-2.9150E-09
1.35 	4.6322E-07	-2.2082E-08
1.36 	4.8530E-07	-1.4188E-08
1.37 	4.9949E-07	-2.5943E-08
1.38 	5.2543E-07	1.0356E-09
1.39 	5.2440E-07	-1.4014E-08
1.40 	5.3841E-07	-1.5540E-08
1.41 	5.5395E-07	-5.9454E-09
1.42 	5.5990E-07	-1.6608E-08
1.43 	5.7650E-07	-1.2305E-08
1.44 	5.8881E-07	-1.2941E-08
1.45 	6.0175E-07	-6.8752E-10
1.46 	6.0244E-07	-2.5221E-08
1.47 	6.2766E-07	-1.4662E-08
1.48 	6.4232E-07	-1.8251E-08
1.49 	6.6057E-07	-2.1130E-08
1.50 	6.8170E-07	-2.4541E-08
1.51 	7.0624E-07	-8.2387E-09
1.52 	7.1448E-07	-2.1182E-08
1.53 	7.3566E-07	-2.6772E-08
1.54 	7.6244E-07	-1.0361E-08
1.55 	7.7280E-07	-2.2063E-08
1.56 	7.9486E-07	-2.1322E-08
1.57 	8.1618E-07	-1.9278E-08
1.58 	8.3546E-07	-2.1205E-08
1.59 	8.5667E-07	-1.4171E-08
1.60 	8.7084E-07	-1.7338E-08
1.61 	8.8817E-07	-2.7244E-08
1.62 	9.1542E-07	-3.0856E-08
1.63 	9.4627E-07	-2.3035E-08
1.64 	9.6931E-07	-2.5656E-08
1.65 	9.9496E-07	-2.4847E-08
1.66 	1.0198E-06	-1.3159E-08
1.67 	1.0330E-06	-2.7872E-08
1.68 	1.0608E-06	-3.0796E-08
1.69 	1.0916E-06	-6.1035E-09
1.70 	1.0977E-06	-4.3467E-08
1.71 	1.1412E-06	-2.9828E-09
1.72 	1.1442E-06	-1.8781E-08
1.73 	1.1630E-06	-6.0093E-08
1.74 	1.2231E-06	-3.4811E-08
1.75 	1.2579E-06	-2.5489E-08
1.76 	1.2834E-06	-3.2398E-08
1.77 	1.3158E-06	-1.2192E-08
1.78 	1.3280E-06	-5.8997E-08
1.79 	1.3870E-06	-4.8938E-09
1.80 	1.3919E-06	-3.3908E-08
1.81 	1.4258E-06	-4.4602E-09
1.82 	1.4302E-06	-7.5134E-08
1.83 	1.5054E-06	-3.0930E-08
1.84 	1.5363E-06	-1.4134E-08
1.85 	1.5504E-06	-4.2384E-08
1.86 	1.5928E-06	-4.9764E-08
1.87 	1.6426E-06	-2.8329E-08
1.88 	1.6709E-06	-2.9001E-08
1.89 	1.6999E-06	-2.4852E-08
1.90 	1.7247E-06	-5.7592E-08
1.91 	1.7823E-06	-9.3140E-09
1.92 	1.7917E-06	-5.0193E-08
1.93 	1.8418E-06	-4.1220E-08
1.94 	1.8831E-06	-4.4150E-08
1.95 	1.9272E-06	-2.2687E-08
1.96 	1.9499E-06	-2.4776E-08
1.97 	1.9747E-06	-2.8635E-08
1.98 	2.0033E-06	-2.8302E-08
1.99 	2.0316E-06	-5.5841E-08
2.00 	2.0875E-06	-5.5116E-08
2.01 	2.1426E-06	-7.0915E-08
2.02 	2.2135E-06	-8.6359E-09
2.03 	2.2221E-06	-4.6462E-08
2.04 	2.2686E-06	-4.2921E-08
2.05 	2.3115E-06	-4.6033E-08
2.06 	2.3575E-06	-4.6813E-08
2.07 	2.4044E-06	-5.0825E-08
2.08 	2.4552E-06	-6.5405E-08
2.09 	2.5206E-06	-1.5621E-08
2.10 	2.5362E-06	-6.0467E-08
2.11 	2.5967E-06	-6.0326E-08
2.12 	2.6570E-06	-4.8486E-08
2.13 	2.7055E-06	-1.9870E-08
2.14 	2.7254E-06	-4.9826E-08
2.15 	2.7752E-06	-6.3073E-08
2.16 	2.8383E-06	-7.4247E-08
2.17 	2.9125E-06	-1.8153E-08
2.18 	2.9307E-06	-7.1403E-08
2.19 	3.0021E-06	-5.3208E-08
2.20 	3.0553E-06	-5.1861E-08
2.21 	3.1071E-06	-4.6818E-08
2.22 	3.1539E-06	-5.9579E-08
2.23 	3.2135E-06	-5.4740E-08
2.24 	3.2683E-06	-6.2775E-08
2.25 	3.3310E-06	-5.8768E-08
2.26 	3.3898E-06	-3.5219E-08
2.27 	3.4250E-06	-5.1146E-08
2.28 	3.4762E-06	-5.1782E-08
2.29 	3.5279E-06	-2.9779E-08
2.30 	3.5577E-06	-4.4732E-08
2.31 	3.6025E-06	-7.0667E-08
2.32 	3.6731E-06	-8.7229E-08
2.33 	3.7604E-06	-6.8646E-08
2.34 	3.8290E-06	-6.8437E-08
2.35 	3.8974E-06	-9.6076E-08
2.36 	3.9935E-06	-1.0085E-07
2.37 	4.0944E-06	-6.1084E-08
2.38 	4.1554E-06	-5.5462E-08
2.39 	4.2109E-06	-6.2885E-08
2.40 	4.2738E-06	-1.0706E-07
2.41 	4.3809E-06	-5.5820E-08
2.42 	4.4367E-06	-1.1446E-07
2.43 	4.5511E-06	-7.9498E-08
2.44 	4.6306E-06	-7.1195E-08
2.45 	4.7018E-06	-7.0820E-08
2.46 	4.7726E-06	-7.0240E-08
2.47 	4.8429E-06	-5.2109E-08
2.48 	4.8950E-06	-2.0710E-07
2.49 	5.1021E-06	-8.1291E-08
2.50 	5.1834E-06	1.5361E-08
2.51 	5.1680E-06	-7.7412E-08
2.52 	5.2454E-06	-9.0363E-08
2.53 	5.3358E-06	-3.7940E-09
2.54 	5.3396E-06	-1.8424E-07
2.55 	5.5238E-06	-4.9725E-08
2.56 	5.5736E-06	-8.8989E-08
2.57 	5.6625E-06	-1.8865E-07
2.58 	5.8512E-06	-6.7561E-08
2.59 	5.9188E-06	-1.0704E-07
2.60 	6.0258E-06	-6.6698E-08
2.61 	6.0925E-06	-1.2985E-07
2.62 	6.2223E-06	-1.9030E-07
2.63 	6.4126E-06	-6.2687E-08
2.64 	6.4753E-06	-9.4399E-08
2.65 	6.5697E-06	-1.0113E-07
2.66 	6.6709E-06	-1.5815E-07
2.67 	6.8290E-06	-8.8352E-08
2.68 	6.9174E-06	-1.3730E-08
2.69 	6.9311E-06	-1.0617E-07
2.70 	7.0373E-06	-1.6820E-07
2.71 	7.2055E-06	-1.3742E-07
2.72 	7.3429E-06	-1.1150E-07
2.73 	7.4544E-06	-1.3951E-07
2.74 	7.5939E-06	-7.0031E-08
2.75 	7.6639E-06	-1.7915E-07
2.76 	7.8431E-06	-2.6105E-08
2.77 	7.8692E-06	-7.8002E-08
2.78 	7.9472E-06	-1.5864E-07
2.79 	8.1058E-06	-1.1467E-07
2.80 	8.2205E-06	-7.8093E-08
2.81 	8.2986E-06	-1.9382E-07
2.82 	8.4924E-06	-1.4898E-07
2.83 	8.6414E-06	-1.2215E-07
2.84 	8.7635E-06	-8.9247E-08
2.85 	8.8528E-06	-2.0045E-07
2.86 	9.0532E-06	-1.8506E-07
2.87 	9.2383E-06	-1.2779E-07
2.88 	9.3661E-06	-1.3659E-07
2.89 	9.5027E-06	-9.1784E-08
2.90 	9.5945E-06	-2.2236E-07
2.91 	9.8168E-06	-9.4899E-08
2.92 	9.9117E-06	-9.9753E-08
2.93 	1.0012E-05	-1.4847E-07
2.94 	1.0160E-05	-1.1424E-07
2.95 	1.0274E-05	-1.7842E-07
2.96 	1.0453E-05	-1.4863E-07
2.97 	1.0601E-05	-1.6014E-07
2.98 	1.0761E-05	-2.0528E-07
2.99 	1.0967E-05	-3.3480E-07
3.00 	1.1301E-05	-9.1050E-08
3.01 	1.1393E-05	-1.3305E-07
3.02 	1.1526E-05	-1.3336E-07
3.03 	1.1659E-05	-1.5104E-07
3.04 	1.1810E-05	-3.7759E-07
3.05 	1.2188E-05	-5.1624E-08
3.06 	1.2239E-05	-2.9127E-07
3.07 	1.2530E-05	-2.3887E-07
3.08 	1.2769E-05	-1.1182E-07
3.09 	1.2881E-05	-1.2255E-08
3.10 	1.2893E-05	-3.1166E-07
3.11 	1.3205E-05	-2.3772E-07
3.12 	1.3443E-05	-2.5186E-07
3.13 	1.3695E-05	-1.6883E-07
3.14 	1.3863E-05	-1.5037E-07
3.15 	1.4014E-05	-2.1228E-07
3.16 	1.4226E-05	-1.0727E-07
3.17 	1.4333E-05	-2.5782E-07
3.18 	1.4591E-05	-2.8083E-07
3.19 	1.4872E-05	-3.9734E-07
3.20 	1.5269E-05	-1.6231E-07
3.21 	1.5432E-05	-1.4227E-07
3.22 	1.5574E-05	-2.8558E-07
3.23 	1.5860E-05	-3.5214E-07
3.24 	1.6212E-05	-5.2640E-07
3.25 	1.6738E-05	-2.1399E-07
3.26 	1.6952E-05	-8.3144E-08
3.27 	1.7035E-05	-2.8834E-07
3.28 	1.7324E-05	-3.7384E-07
3.29 	1.7697E-05	-1.3453E-07
3.30 	1.7832E-05	-3.4127E-07
3.31 	1.8173E-05	-2.7640E-07
3.32 	1.8450E-05	-3.8634E-07
3.33 	1.8836E-05	-3.2698E-07
3.34 	1.9163E-05	-1.6236E-07
3.35 	1.9325E-05	-4.4158E-07
3.36 	1.9767E-05	-6.7656E-08
3.37 	1.9835E-05	-2.2025E-07
3.38 	2.0055E-05	-4.4724E-07
3.39 	2.0502E-05	-3.1241E-07
3.40 	2.0814E-05	-3.9993E-07
3.41 	2.1214E-05	-1.2674E-07
3.42 	2.1341E-05	-2.5463E-07
3.43 	2.1596E-05	-3.1378E-07
3.44 	2.1910E-05	-2.1540E-07
3.45 	2.2125E-05	-3.6192E-07
3.46 	2.2487E-05	-3.5687E-07
3.47 	2.2844E-05	-1.6519E-07
3.48 	2.3009E-05	-3.8938E-07
3.49 	2.3398E-05	-3.8280E-07
3.50 	2.3781E-05	-4.0193E-07
3.51 	2.4183E-05	-2.6579E-07
3.52 	2.4449E-05	-1.3815E-07
3.53 	2.4587E-05	-3.5583E-07
3.54 	2.4943E-05	-3.7968E-07
3.55 	2.5322E-05	-4.0380E-07
3.56 	2.5726E-05	-2.8094E-07
3.57 	2.6007E-05	-5.9314E-07
3.58 	2.6600E-05	-4.8409E-06
3.59 	3.1441E-05	-1.1902E-06
3.60 	3.2631E-05	-5.5141E-07
3.61 	3.3183E-05	-1.2024E-07
3.62 	3.3303E-05	-5.4298E-07
3.63 	3.3846E-05	-2.0703E-07
3.64 	3.4053E-05	-6.7427E-07
3.65 	3.4727E-05	-3.2066E-07
3.66 	3.5048E-05	-2.0427E-07
3.67 	3.5252E-05	-2.9666E-07
3.68 	3.5549E-05	-2.2288E-07
3.69 	3.5772E-05	7.9017E-08
3.70 	3.5693E-05	6.4106E-07
3.71 	3.5052E-05	2.2434E-07
3.72 	3.4827E-05	-3.1879E-07
3.73 	3.5146E-05	-4.0407E-07
3.74 	3.5550E-05	-5.9678E-07
3.75 	3.6147E-05	-8.5891E-07
3.76 	3.7006E-05	-1.2595E-06
3.77 	3.8265E-05	-4.1424E-07
3.78 	3.8680E-05	-7.9759E-07
3.79 	3.9477E-05	-1.9219E-06
3.80 	4.1399E-05	-1.5727E-06
3.81 	4.2972E-05	-1.4045E-06
3.82 	4.4376E-05	-1.7322E-06
3.83 	4.6109E-05	-6.0876E-07
3.84 	4.6717E-05	1.2523E-06
3.85 	4.5465E-05	-3.2004E-07
3.86 	4.5785E-05	-2.1901E-08
3.87 	4.5807E-05	-5.2144E-07
3.88 	4.6329E-05	1.9625E-07
3.89 	4.6132E-05	1.2353E-07
3.90 	4.6009E-05	1.8803E-07
3.91 	4.5821E-05	-4.1449E-07
3.92 	4.6235E-05	-2.7789E-07
3.93 	4.6513E-05	-3.4810E-07
3.94 	4.6861E-05	6.6251E-08
3.95 	4.6795E-05	-3.6736E-08
3.96 	4.6832E-05	6.8820E-07
3.97 	4.6143E-05	3.2993E-07
3.98 	4.5814E-05	4.1068E-07
3.99 	4.5403E-05	1.2652E-06
4.00 	4.4138E-05	-7.6940E-07
4.01 	4.4907E-05	-5.6436E-06
4.02 	5.0551E-05	6.0151E-07
4.03 	4.9949E-05	2.6033E-07
4.04 	4.9689E-05	-1.0571E-06
4.05 	5.0746E-05	5.1568E-07
4.06 	5.0230E-05	9.7458E-08
4.07 	5.0133E-05	1.7945E-07
4.08 	4.9953E-05	-6.5166E-07
4.09 	5.0605E-05	-1.1717E-07
4.10 	5.0722E-05	5.9285E-08
4.11 	5.0663E-05	8.0895E-07
4.12 	4.9854E-05	1.6000E-06
4.13 	4.8254E-05	2.3103E-06
4.14 	4.5944E-05	1.5819E-06
4.15 	4.4362E-05	2.8728E-07
4.16 	4.4074E-05	-8.9361E-07
4.17 	4.4968E-05	-5.6637E-07
4.18 	4.5534E-05	-1.5179E-06
4.19 	4.7052E-05	1.9082E-07
4.20 	4.6862E-05	-9.5234E-07
4.21 	4.7814E-05	-1.5408E-06
4.22 	4.9355E-05	-7.5885E-07
4.23 	5.0113E-05	1.8599E-07
4.24 	4.9927E-05	-1.7796E-07
4.25 	5.0105E-05	4.6353E-07
4.26 	4.9642E-05	-5.1113E-07
4.27 	5.0153E-05	-3.7235E-07
4.28 	5.0525E-05	-8.7374E-07
4.29 	5.1399E-05	-2.7403E-07
4.30 	5.1673E-05	3.0542E-07
4.31 	5.1368E-05	-1.0436E-06
4.32 	5.2411E-05	-9.9437E-08
4.33 	5.2511E-05	-2.5849E-07
4.34 	5.2769E-05	9.6887E-07
4.35 	5.1800E-05	-1.0270E-06
4.36 	5.2827E-05	-5.1196E-06
4.37 	5.7947E-05	-3.9544E-06
4.38 	6.1901E-05	1.1041E-06
4.39 	6.0797E-05	2.8535E-07
4.40 	6.0512E-05	-1.0616E-07
4.41 	6.0618E-05	5.8619E-08
4.42 	6.0560E-05	-1.2683E-07
4.43 	6.0686E-05	1.4331E-06
4.44 	5.9253E-05	3.2813E-07
4.45 	5.8925E-05	-2.6309E-07
4.46 	5.9188E-05	1.6498E-08
4.47 	5.9172E-05	-8.5949E-07
4.48 	6.0031E-05	4.9722E-07
4.49 	5.9534E-05	5.0198E-07
4.50 	5.9032E-05	5.6246E-07
4.51 	5.8470E-05	4.7616E-07
4.52 	5.7993E-05	8.1488E-07
4.53 	5.7178E-05	-4.9531E-07
4.54 	5.7674E-05	-1.0336E-06
4.55 	5.8707E-05	8.7324E-07
4.56 	5.7834E-05	2.9017E-07
4.57 	5.7544E-05	-4.3237E-08
4.58 	5.7587E-05	1.8400E-07
4.59 	5.7403E-05	4.1222E-07
4.60 	5.6991E-05	-1.1919E-06
4.61 	5.8183E-05	8.3070E-08
4.62 	5.8100E-05	-1.1801E-06
4.63 	5.9280E-05	7.3880E-08
4.64 	5.9206E-05	2.7784E-07
4.65 	5.8928E-05	1.0070E-06
4.66 	5.7921E-05	-1.2057E-06
4.67 	5.9127E-05	-6.5125E-07
4.68 	5.9778E-05	-3.4181E-07
4.69 	6.0120E-05	5.9913E-07
4.70 	5.9521E-05	-1.7147E-06
4.71 	6.1236E-05	3.6314E-08
4.72 	6.1199E-05	6.1764E-07
4.73 	6.0582E-05	-7.0663E-07
4.74 	6.1288E-05	6.8032E-07
4.75 	6.0608E-05	1.1150E-07
4.76 	6.0496E-05	-8.3396E-07
4.77 	6.1330E-05	-9.2833E-07
4.78 	6.2259E-05	5.9314E-08
4.79 	6.2199E-05	-9.5676E-07
4.80 	6.3156E-05	-8.6329E-07
4.81 	6.4019E-05	6.0855E-07
4.82 	6.3411E-05	-8.7457E-09
4.83 	6.3420E-05	8.4493E-07
4.84 	6.2575E-05	-7.7402E-08
4.85 	6.2652E-05	7.4325E-07
4.86 	6.1909E-05	-1.1747E-06
4.87 	6.3084E-05	6.0286E-07
4.88 	6.2481E-05	6.2969E-07
4.89 	6.1851E-05	-1.1544E-06
4.90 	6.3005E-05	1.1052E-07
4.91 	6.2895E-05	-5.3935E-07
4.92 	6.3434E-05	5.2593E-07
4.93 	6.2908E-05	-9.2066E-07
4.94 	6.3829E-05	8.9247E-08
4.95 	6.3740E-05	1.2480E-06
4.96 	6.2492E-05	1.5310E-07
4.97 	6.2339E-05	-2.8651E-07
4.98 	6.2625E-05	-9.6791E-07
4.99 	6.3593E-05	5.3702E-07
5.00 	6.3056E-05	-2.3373E-07
5.01 	6.3290E-05	-6.8396E-07
5.02 	6.3974E-05	-6.0914E-07
5.03 	6.4583E-05	-2.1778E-07
5.04 	6.4801E-05	4.5632E-07
5.05 	6.4344E-05	-6.4608E-07
5.06 	6.4990E-05	-8.7326E-08
5.07 	6.5078E-05	-1.6746E-06
5.08 	6.6752E-05	9.9326E-07
5.09 	6.5759E-05	6.6807E-07
5.10 	6.5091E-05	3.7857E-07
5.11 	6.4712E-05	-1.5632E-06
5.12 	6.6276E-05	-5.7618E-07
5.13 	6.6852E-05	-1.3545E-06
5.14 	6.8206E-05	-5.6764E-07
5.15 	6.8774E-05	-3.5258E-07
5.16 	6.9127E-05	-6.7705E-07
5.17 	6.9804E-05	1.0071E-06
5.18 	6.8797E-05	3.7021E-07
5.19 	6.8426E-05	-9.1478E-07
5.20 	6.9341E-05	-6.3724E-07
5.21 	6.9978E-05	-5.8156E-07
5.22 	7.0560E-05	7.1211E-07
5.23 	6.9848E-05	-9.3675E-07
5.24 	7.0785E-05	9.0112E-07
5.25 	6.9883E-05	2.2448E-07
5.26 	6.9659E-05	-4.1400E-07
5.27 	7.0073E-05	7.1101E-08
5.28 	7.0002E-05	-6.3556E-07
5.29 	7.0637E-05	3.6814E-07
5.30 	7.0269E-05	-1.3000E-06
5.31 	7.1569E-05	-2.0027E-07
5.32 	7.1770E-05	-5.2598E-08
5.33 	7.1822E-05	-6.5705E-07
5.34 	7.2479E-05	9.7542E-07
5.35 	7.1504E-05	-1.1215E-06
5.36 	7.2625E-05	-4.5450E-07
5.37 	7.3080E-05	2.9807E-07
5.38 	7.2782E-05	-3.4054E-07
5.39 	7.3122E-05	-6.9619E-07
5.40 	7.3818E-05	-1.3149E-06
5.41 	7.5133E-05	-4.0371E-07
5.42 	7.5537E-05	-5.1747E-08
5.43 	7.5589E-05	5.6967E-07
5.44 	7.5019E-05	-8.9502E-07
5.45 	7.5914E-05	-4.8873E-07
5.46 	7.6403E-05	4.3970E-07
5.47 	7.5963E-05	-1.1805E-06
5.48 	7.7144E-05	5.0014E-07
5.49 	7.6643E-05	1.8008E-08
5.50 	7.6625E-05	9.7425E-09
