-1.00 	-6.8566E-08		-1.00 	-9.7429E-08		-1.00 	-1.0763E-07		-1.00 	-7.9587E-08		-1.00 	-8.3821E-08		-1.00 	-1.1566E-07		-1.00 	-1.2405E-07		-1.00 	-1.1617E-07
-0.99 	-6.8198E-08		-0.99 	-9.6623E-08		-0.99 	-1.0416E-07		-0.99 	-7.6313E-08		-0.99 	-7.8107E-08		-0.99 	-1.1494E-07		-0.99 	-1.2227E-07		-0.99 	-1.1515E-07
-0.98 	-6.5427E-08		-0.98 	-9.6907E-08		-0.98 	-1.0716E-07		-0.98 	-7.7288E-08		-0.98 	-7.7355E-08		-0.98 	-1.1441E-07		-0.98 	-1.2061E-07		-0.98 	-1.1428E-07
-0.97 	-6.5901E-08		-0.97 	-9.5066E-08		-0.97 	-1.0306E-07		-0.97 	-7.5768E-08		-0.97 	-7.4689E-08		-0.97 	-1.1409E-07		-0.97 	-1.1831E-07		-0.97 	-1.1345E-07
-0.96 	-6.6236E-08		-0.96 	-9.5577E-08		-0.96 	-1.0408E-07		-0.96 	-7.1633E-08		-0.96 	-7.2834E-08		-0.96 	-1.1301E-07		-0.96 	-1.1981E-07		-0.96 	-1.1209E-07
-0.95 	-6.6342E-08		-0.95 	-9.4217E-08		-0.95 	-1.0152E-07		-0.95 	-6.7983E-08		-0.95 	-7.0916E-08		-0.95 	-1.1187E-07		-0.95 	-1.1802E-07		-0.95 	-1.1259E-07
-0.94 	-6.5924E-08		-0.94 	-9.2801E-08		-0.94 	-9.7530E-08		-0.94 	-6.7631E-08		-0.94 	-7.0707E-08		-0.94 	-1.1120E-07		-0.94 	-1.1840E-07		-0.94 	-1.1163E-07
-0.93 	-6.4282E-08		-0.93 	-9.3460E-08		-0.93 	-1.0272E-07		-0.93 	-6.5506E-08		-0.93 	-6.8922E-08		-0.93 	-1.0911E-07		-0.93 	-1.1857E-07		-0.93 	-1.1085E-07
-0.92 	-6.5090E-08		-0.92 	-9.3234E-08		-0.92 	-9.7411E-08		-0.92 	-5.9948E-08		-0.92 	-6.5703E-08		-0.92 	-1.0850E-07		-0.92 	-1.1664E-07		-0.92 	-1.1058E-07
-0.91 	-6.5498E-08		-0.91 	-9.2364E-08		-0.91 	-9.8201E-08		-0.91 	-6.1621E-08		-0.91 	-6.4579E-08		-0.91 	-1.0948E-07		-0.91 	-1.1773E-07		-0.91 	-1.0847E-07
-0.90 	-6.4233E-08		-0.90 	-9.1499E-08		-0.90 	-9.5862E-08		-0.90 	-5.9467E-08		-0.90 	-6.4130E-08		-0.90 	-1.0873E-07		-0.90 	-1.1572E-07		-0.90 	-1.0942E-07
-0.89 	-6.3647E-08		-0.89 	-9.0232E-08		-0.89 	-9.4881E-08		-0.89 	-5.6006E-08		-0.89 	-6.2306E-08		-0.89 	-1.0656E-07		-0.89 	-1.1736E-07		-0.89 	-1.0783E-07
-0.88 	-6.3224E-08		-0.88 	-8.9959E-08		-0.88 	-9.1712E-08		-0.88 	-5.8646E-08		-0.88 	-5.6859E-08		-0.88 	-1.0595E-07		-0.88 	-1.1701E-07		-0.88 	-1.0695E-07
-0.87 	-6.3118E-08		-0.87 	-8.9157E-08		-0.87 	-9.3602E-08		-0.87 	-5.2612E-08		-0.87 	-5.3690E-08		-0.87 	-1.0666E-07		-0.87 	-1.1356E-07		-0.87 	-1.0811E-07
-0.86 	-6.2664E-08		-0.86 	-8.9261E-08		-0.86 	-8.9680E-08		-0.86 	-5.1997E-08		-0.86 	-5.4240E-08		-0.86 	-1.0614E-07		-0.86 	-1.1293E-07		-0.86 	-1.0679E-07
-0.85 	-6.1266E-08		-0.85 	-8.8171E-08		-0.85 	-8.8162E-08		-0.85 	-5.0557E-08		-0.85 	-4.8853E-08		-0.85 	-1.0504E-07		-0.85 	-1.1542E-07		-0.85 	-1.0579E-07
-0.84 	-5.9239E-08		-0.84 	-8.8166E-08		-0.84 	-8.8648E-08		-0.84 	-4.7863E-08		-0.84 	-4.8818E-08		-0.84 	-1.0407E-07		-0.84 	-1.1252E-07		-0.84 	-1.0591E-07
-0.83 	-5.8215E-08		-0.83 	-8.6830E-08		-0.83 	-8.3661E-08		-0.83 	-4.5537E-08		-0.83 	-4.5775E-08		-0.83 	-1.0311E-07		-0.83 	-1.0956E-07		-0.83 	-1.0568E-07
-0.82 	-5.7270E-08		-0.82 	-8.7228E-08		-0.82 	-8.3955E-08		-0.82 	-4.2869E-08		-0.82 	-4.4049E-08		-0.82 	-1.0158E-07		-0.82 	-1.1108E-07		-0.82 	-1.0400E-07
-0.81 	-5.6774E-08		-0.81 	-8.5646E-08		-0.81 	-8.0172E-08		-0.81 	-4.3267E-08		-0.81 	-4.2479E-08		-0.81 	-1.0214E-07		-0.81 	-1.1193E-07		-0.81 	-1.0372E-07
-0.80 	-5.6649E-08		-0.80 	-8.3641E-08		-0.80 	-8.1997E-08		-0.80 	-4.0799E-08		-0.80 	-3.8570E-08		-0.80 	-1.0012E-07		-0.80 	-1.1118E-07		-0.80 	-1.0310E-07
-0.79 	-5.4523E-08		-0.79 	-8.3500E-08		-0.79 	-7.9734E-08		-0.79 	-3.8279E-08		-0.79 	-3.5873E-08		-0.79 	-1.0101E-07		-0.79 	-1.0931E-07		-0.79 	-1.0366E-07
-0.78 	-5.3916E-08		-0.78 	-8.2695E-08		-0.78 	-8.1488E-08		-0.78 	-3.4443E-08		-0.78 	-3.3006E-08		-0.78 	-9.8115E-08		-0.78 	-1.0932E-07		-0.78 	-1.0219E-07
-0.77 	-5.3205E-08		-0.77 	-8.0957E-08		-0.77 	-7.9225E-08		-0.77 	-3.4048E-08		-0.77 	-3.2304E-08		-0.77 	-9.6970E-08		-0.77 	-1.0810E-07		-0.77 	-1.0317E-07
-0.76 	-5.4300E-08		-0.76 	-8.1681E-08		-0.76 	-7.4773E-08		-0.76 	-3.0603E-08		-0.76 	-2.9103E-08		-0.76 	-9.5507E-08		-0.76 	-1.0619E-07		-0.76 	-1.0094E-07
-0.75 	-5.3375E-08		-0.75 	-8.0835E-08		-0.75 	-7.4539E-08		-0.75 	-2.8299E-08		-0.75 	-2.8433E-08		-0.75 	-9.7491E-08		-0.75 	-1.0855E-07		-0.75 	-1.0027E-07
-0.74 	-5.3048E-08		-0.74 	-7.9007E-08		-0.74 	-7.3294E-08		-0.74 	-2.7686E-08		-0.74 	-2.5875E-08		-0.74 	-9.6600E-08		-0.74 	-1.0661E-07		-0.74 	-9.9932E-08
-0.73 	-5.3196E-08		-0.73 	-7.9117E-08		-0.73 	-7.0053E-08		-0.73 	-2.4059E-08		-0.73 	-2.4880E-08		-0.73 	-9.5812E-08		-0.73 	-1.0587E-07		-0.73 	-9.7556E-08
-0.72 	-5.2932E-08		-0.72 	-7.7404E-08		-0.72 	-6.8031E-08		-0.72 	-2.2999E-08		-0.72 	-2.3798E-08		-0.72 	-9.4417E-08		-0.72 	-1.0617E-07		-0.72 	-9.7832E-08
-0.71 	-4.9354E-08		-0.71 	-7.7316E-08		-0.71 	-6.5667E-08		-0.71 	-1.9819E-08		-0.71 	-2.1678E-08		-0.71 	-9.3352E-08		-0.71 	-1.0675E-07		-0.71 	-9.6972E-08
-0.70 	-4.9829E-08		-0.70 	-7.5223E-08		-0.70 	-6.2404E-08		-0.70 	-1.9024E-08		-0.70 	-2.2308E-08		-0.70 	-9.0937E-08		-0.70 	-1.0502E-07		-0.70 	-9.7286E-08
-0.69 	-4.9359E-08		-0.69 	-7.4121E-08		-0.69 	-6.1104E-08		-0.69 	-1.8308E-08		-0.69 	-2.0119E-08		-0.69 	-9.1095E-08		-0.69 	-1.0490E-07		-0.69 	-9.5794E-08
-0.68 	-4.9774E-08		-0.68 	-7.3703E-08		-0.68 	-6.1968E-08		-0.68 	-1.6569E-08		-0.68 	-1.8834E-08		-0.68 	-8.9103E-08		-0.68 	-1.0430E-07		-0.68 	-9.4821E-08
-0.67 	-4.8648E-08		-0.67 	-7.2575E-08		-0.67 	-5.7229E-08		-0.67 	-1.5354E-08		-0.67 	-1.7976E-08		-0.67 	-9.0957E-08		-0.67 	-1.0295E-07		-0.67 	-9.6195E-08
-0.66 	-4.7910E-08		-0.66 	-7.1907E-08		-0.66 	-5.4093E-08		-0.66 	-1.3450E-08		-0.66 	-1.6781E-08		-0.66 	-8.8956E-08		-0.66 	-1.0187E-07		-0.66 	-9.5239E-08
-0.65 	-4.8097E-08		-0.65 	-7.1357E-08		-0.65 	-5.3282E-08		-0.65 	-1.2314E-08		-0.65 	-1.4934E-08		-0.65 	-8.8997E-08		-0.65 	-9.9828E-08		-0.65 	-9.3559E-08
-0.64 	-4.8114E-08		-0.64 	-6.9537E-08		-0.64 	-5.0778E-08		-0.64 	-1.1278E-08		-0.64 	-1.4088E-08		-0.64 	-8.7694E-08		-0.64 	-1.0167E-07		-0.64 	-9.3069E-08
-0.63 	-4.7220E-08		-0.63 	-6.9524E-08		-0.63 	-4.9773E-08		-0.63 	-9.5177E-09		-0.63 	-1.2333E-08		-0.63 	-8.6842E-08		-0.63 	-9.9895E-08		-0.63 	-9.3126E-08
-0.62 	-4.6854E-08		-0.62 	-6.7274E-08		-0.62 	-4.5792E-08		-0.62 	-8.6991E-09		-0.62 	-1.1633E-08		-0.62 	-8.5582E-08		-0.62 	-9.9868E-08		-0.62 	-9.0517E-08
-0.61 	-4.6504E-08		-0.61 	-6.7267E-08		-0.61 	-4.3762E-08		-0.61 	-8.0824E-09		-0.61 	-1.0176E-08		-0.61 	-8.3143E-08		-0.61 	-9.8552E-08		-0.61 	-9.1001E-08
-0.60 	-4.5423E-08		-0.60 	-6.5384E-08		-0.60 	-4.1436E-08		-0.60 	-7.3715E-09		-0.60 	-9.6434E-09		-0.60 	-8.1498E-08		-0.60 	-9.8301E-08		-0.60 	-8.8882E-08
-0.59 	-4.5610E-08		-0.59 	-6.4669E-08		-0.59 	-4.0301E-08		-0.59 	-6.5508E-09		-0.59 	-8.7540E-09		-0.59 	-7.9533E-08		-0.59 	-9.8682E-08		-0.59 	-8.8918E-08
-0.58 	-4.5199E-08		-0.58 	-6.4292E-08		-0.58 	-3.7701E-08		-0.58 	-5.6007E-09		-0.58 	-7.9581E-09		-0.58 	-7.8339E-08		-0.58 	-9.8042E-08		-0.58 	-8.9326E-08
-0.57 	-4.4409E-08		-0.57 	-6.2241E-08		-0.57 	-3.4167E-08		-0.57 	-4.4924E-09		-0.57 	-6.7190E-09		-0.57 	-7.6142E-08		-0.57 	-9.6268E-08		-0.57 	-8.7704E-08
-0.56 	-4.2582E-08		-0.56 	-6.1380E-08		-0.56 	-3.3507E-08		-0.56 	-2.8443E-09		-0.56 	-4.6740E-09		-0.56 	-7.4794E-08		-0.56 	-9.6254E-08		-0.56 	-8.9593E-08
-0.55 	-4.3822E-08		-0.55 	-6.0114E-08		-0.55 	-3.2866E-08		-0.55 	-1.7901E-09		-0.55 	-4.1861E-09		-0.55 	-7.3881E-08		-0.55 	-9.5067E-08		-0.55 	-8.7143E-08
-0.54 	-4.3998E-08		-0.54 	-5.8481E-08		-0.54 	-3.1504E-08		-0.54 	-1.0767E-09		-0.54 	-3.9643E-09		-0.54 	-7.1993E-08		-0.54 	-9.5744E-08		-0.54 	-8.7359E-08
-0.53 	-4.3440E-08		-0.53 	-5.8427E-08		-0.53 	-2.7069E-08		-0.53 	9.7888E-11		-0.53 	-3.1185E-09		-0.53 	-7.2103E-08		-0.53 	-9.3592E-08		-0.53 	-8.6727E-08
-0.52 	-4.3497E-08		-0.52 	-5.5701E-08		-0.52 	-2.8852E-08		-0.52 	8.4790E-10		-0.52 	-2.6470E-09		-0.52 	-6.9279E-08		-0.52 	-9.2812E-08		-0.52 	-8.7078E-08
-0.51 	-4.4052E-08		-0.51 	-5.4196E-08		-0.51 	-2.6967E-08		-0.51 	1.2126E-09		-0.51 	-1.6993E-09		-0.51 	-6.9234E-08		-0.51 	-9.0744E-08		-0.51 	-8.5052E-08
-0.50 	-4.3536E-08		-0.50 	-5.4973E-08		-0.50 	-2.4743E-08		-0.50 	1.8046E-09		-0.50 	-1.2790E-09		-0.50 	-7.1115E-08		-0.50 	-8.9647E-08		-0.50 	-8.3188E-08
-0.49 	-4.2670E-08		-0.49 	-5.3371E-08		-0.49 	-2.1860E-08		-0.49 	3.1640E-09		-0.49 	-1.2506E-10		-0.49 	-7.0201E-08		-0.49 	-8.8148E-08		-0.49 	-8.4577E-08
-0.48 	-4.1990E-08		-0.48 	-5.1378E-08		-0.48 	-2.0168E-08		-0.48 	3.6285E-09		-0.48 	6.8632E-10		-0.48 	-6.7508E-08		-0.48 	-9.1546E-08		-0.48 	-8.2536E-08
-0.47 	-4.1810E-08		-0.47 	-5.1108E-08		-0.47 	-2.1088E-08		-0.47 	4.3194E-09		-0.47 	1.5832E-09		-0.47 	-6.4236E-08		-0.47 	-8.6875E-08		-0.47 	-8.3930E-08
-0.46 	-4.0353E-08		-0.46 	-5.1264E-08		-0.46 	-1.9882E-08		-0.46 	5.1315E-09		-0.46 	2.6654E-09		-0.46 	-6.3277E-08		-0.46 	-8.6157E-08		-0.46 	-8.0726E-08
-0.45 	-4.0300E-08		-0.45 	-5.0191E-08		-0.45 	-1.7232E-08		-0.45 	5.1016E-09		-0.45 	3.3417E-09		-0.45 	-5.9861E-08		-0.45 	-8.5932E-08		-0.45 	-8.1492E-08
-0.44 	-3.9214E-08		-0.44 	-4.8700E-08		-0.44 	-1.3155E-08		-0.44 	6.3478E-09		-0.44 	4.4953E-09		-0.44 	-5.8744E-08		-0.44 	-8.4392E-08		-0.44 	-7.8741E-08
-0.43 	-3.9123E-08		-0.43 	-4.6698E-08		-0.43 	-1.2782E-08		-0.43 	6.5032E-09		-0.43 	5.1759E-09		-0.43 	-5.7855E-08		-0.43 	-8.3539E-08		-0.43 	-8.0868E-08
-0.42 	-3.8194E-08		-0.42 	-4.4061E-08		-0.42 	-1.1864E-08		-0.42 	7.0663E-09		-0.42 	5.6616E-09		-0.42 	-5.4621E-08		-0.42 	-8.2183E-08		-0.42 	-7.8533E-08
-0.41 	-3.8282E-08		-0.41 	-4.2922E-08		-0.41 	-1.2970E-08		-0.41 	7.0849E-09		-0.41 	6.4778E-09		-0.41 	-5.2583E-08		-0.41 	-7.9890E-08		-0.41 	-7.7492E-08
-0.40 	-3.8319E-08		-0.40 	-4.1483E-08		-0.40 	-9.0151E-09		-0.40 	7.6838E-09		-0.40 	6.8801E-09		-0.40 	-5.2387E-08		-0.40 	-8.1524E-08		-0.40 	-7.6417E-08
-0.39 	-3.6267E-08		-0.39 	-4.0312E-08		-0.39 	-6.7681E-09		-0.39 	8.1234E-09		-0.39 	7.2982E-09		-0.39 	-4.8516E-08		-0.39 	-7.8354E-08		-0.39 	-7.7537E-08
-0.38 	-3.7203E-08		-0.38 	-4.0076E-08		-0.38 	-5.2788E-09		-0.38 	8.1442E-09		-0.38 	7.9757E-09		-0.38 	-4.9447E-08		-0.38 	-7.6873E-08		-0.38 	-7.3684E-08
-0.37 	-3.6644E-08		-0.37 	-3.8088E-08		-0.37 	-4.8010E-09		-0.37 	8.8682E-09		-0.37 	8.2317E-09		-0.37 	-4.8398E-08		-0.37 	-7.7544E-08		-0.37 	-7.4794E-08
-0.36 	-3.6931E-08		-0.36 	-3.7771E-08		-0.36 	-2.4209E-09		-0.36 	8.9907E-09		-0.36 	8.1367E-09		-0.36 	-4.8089E-08		-0.36 	-7.6116E-08		-0.36 	-7.4413E-08
-0.35 	-3.5270E-08		-0.35 	-3.7531E-08		-0.35 	-1.6909E-09		-0.35 	9.4001E-09		-0.35 	8.6474E-09		-0.35 	-4.5740E-08		-0.35 	-7.5648E-08		-0.35 	-7.1754E-08
-0.34 	-3.5163E-08		-0.34 	-3.3569E-08		-0.34 	-4.2258E-10		-0.34 	9.9288E-09		-0.34 	8.9671E-09		-0.34 	-4.4559E-08		-0.34 	-7.6387E-08		-0.34 	-7.2915E-08
-0.33 	-3.5236E-08		-0.33 	-3.1063E-08		-0.33 	5.1568E-10		-0.33 	1.0037E-08		-0.33 	9.4410E-09		-0.33 	-4.4356E-08		-0.33 	-7.4137E-08		-0.33 	-6.9058E-08
-0.32 	-3.4383E-08		-0.32 	-3.0715E-08		-0.32 	1.3931E-09		-0.32 	1.0498E-08		-0.32 	9.5824E-09		-0.32 	-4.2875E-08		-0.32 	-7.1162E-08		-0.32 	-6.8319E-08
-0.31 	-3.4130E-08		-0.31 	-2.8757E-08		-0.31 	2.3307E-09		-0.31 	1.0777E-08		-0.31 	1.0210E-08		-0.31 	-4.1016E-08		-0.31 	-7.2276E-08		-0.31 	-6.8266E-08
-0.30 	-3.3188E-08		-0.30 	-2.8910E-08		-0.30 	2.6923E-09		-0.30 	1.0984E-08		-0.30 	1.0356E-08		-0.30 	-3.8185E-08		-0.30 	-6.8261E-08		-0.30 	-6.6805E-08
-0.29 	-3.2661E-08		-0.29 	-2.6917E-08		-0.29 	3.7316E-09		-0.29 	1.1463E-08		-0.29 	1.0756E-08		-0.29 	-3.8654E-08		-0.29 	-6.7188E-08		-0.29 	-6.8213E-08
-0.28 	-3.1751E-08		-0.28 	-2.5439E-08		-0.28 	4.4454E-09		-0.28 	1.1588E-08		-0.28 	1.1123E-08		-0.28 	-3.5538E-08		-0.28 	-6.7159E-08		-0.28 	-6.6710E-08
-0.27 	-3.1402E-08		-0.27 	-2.3258E-08		-0.27 	5.0011E-09		-0.27 	1.2136E-08		-0.27 	1.1213E-08		-0.27 	-3.4105E-08		-0.27 	-6.4842E-08		-0.27 	-6.6073E-08
-0.26 	-3.1405E-08		-0.26 	-2.3688E-08		-0.26 	5.8658E-09		-0.26 	1.2194E-08		-0.26 	1.1823E-08		-0.26 	-3.1787E-08		-0.26 	-5.9850E-08		-0.26 	-6.5118E-08
-0.25 	-3.0486E-08		-0.25 	-2.0435E-08		-0.25 	6.2092E-09		-0.25 	1.2612E-08		-0.25 	1.1747E-08		-0.25 	-2.9639E-08		-0.25 	-6.4326E-08		-0.25 	-6.1709E-08
-0.24 	-3.0223E-08		-0.24 	-1.8838E-08		-0.24 	6.8950E-09		-0.24 	1.2819E-08		-0.24 	1.2763E-08		-0.24 	-2.8655E-08		-0.24 	-6.2616E-08		-0.24 	-6.2517E-08
-0.23 	-3.0111E-08		-0.23 	-1.7753E-08		-0.23 	7.4897E-09		-0.23 	1.3101E-08		-0.23 	1.2852E-08		-0.23 	-2.4732E-08		-0.23 	-5.8349E-08		-0.23 	-5.9974E-08
-0.22 	-2.9293E-08		-0.22 	-1.7706E-08		-0.22 	7.7810E-09		-0.22 	1.3216E-08		-0.22 	1.2790E-08		-0.22 	-2.6138E-08		-0.22 	-5.6873E-08		-0.22 	-5.7669E-08
-0.21 	-2.8752E-08		-0.21 	-1.5114E-08		-0.21 	8.8527E-09		-0.21 	1.3728E-08		-0.21 	1.3346E-08		-0.21 	-2.2950E-08		-0.21 	-5.6143E-08		-0.21 	-5.6090E-08
-0.20 	-2.8284E-08		-0.20 	-1.3321E-08		-0.20 	8.8464E-09		-0.20 	1.3928E-08		-0.20 	1.3137E-08		-0.20 	-1.8995E-08		-0.20 	-5.5789E-08		-0.20 	-5.4365E-08
-0.19 	-2.7808E-08		-0.19 	-1.2324E-08		-0.19 	9.2123E-09		-0.19 	1.4264E-08		-0.19 	1.3402E-08		-0.19 	-1.7544E-08		-0.19 	-5.4954E-08		-0.19 	-5.2851E-08
-0.18 	-2.7062E-08		-0.18 	-1.1493E-08		-0.18 	9.5319E-09		-0.18 	1.4494E-08		-0.18 	1.3787E-08		-0.18 	-1.6503E-08		-0.18 	-5.3504E-08		-0.18 	-5.0660E-08
-0.17 	-2.6606E-08		-0.17 	-1.0443E-08		-0.17 	9.6107E-09		-0.17 	1.4717E-08		-0.17 	1.4067E-08		-0.17 	-1.4085E-08		-0.17 	-4.8896E-08		-0.17 	-4.9216E-08
-0.16 	-2.6406E-08		-0.16 	-9.3803E-09		-0.16 	1.0075E-08		-0.16 	1.4755E-08		-0.16 	1.4389E-08		-0.16 	-1.1866E-08		-0.16 	-4.9612E-08		-0.16 	-4.8985E-08
-0.15 	-2.5302E-08		-0.15 	-8.1875E-09		-0.15 	1.0272E-08		-0.15 	1.5141E-08		-0.15 	1.4742E-08		-0.15 	-1.0071E-08		-0.15 	-4.8048E-08		-0.15 	-4.9587E-08
-0.14 	-2.5112E-08		-0.14 	-7.4515E-09		-0.14 	1.0256E-08		-0.14 	1.5406E-08		-0.14 	1.4929E-08		-0.14 	-8.0806E-09		-0.14 	-4.6168E-08		-0.14 	-4.7369E-08
-0.13 	-2.4674E-08		-0.13 	-6.7806E-09		-0.13 	1.0922E-08		-0.13 	1.5489E-08		-0.13 	1.5296E-08		-0.13 	-7.0309E-09		-0.13 	-4.7652E-08		-0.13 	-4.6390E-08
-0.12 	-2.3730E-08		-0.12 	-5.5217E-09		-0.12 	1.1600E-08		-0.12 	1.5974E-08		-0.12 	1.5360E-08		-0.12 	-6.4258E-09		-0.12 	-4.5169E-08		-0.12 	-4.2648E-08
-0.11 	-2.3048E-08		-0.11 	-4.9711E-09		-0.11 	1.1517E-08		-0.11 	1.6120E-08		-0.11 	1.5823E-08		-0.11 	-5.0102E-09		-0.11 	-4.3472E-08		-0.11 	-4.3248E-08
-0.10 	-2.2857E-08		-0.10 	-2.4109E-09		-0.10 	1.2152E-08		-0.10 	1.6549E-08		-0.10 	1.6066E-08		-0.10 	-4.2692E-09		-0.10 	-3.7045E-08		-0.10 	-4.3631E-08
-0.09 	-2.1778E-08		-0.09 	-1.3294E-09		-0.09 	1.1902E-08		-0.09 	1.6790E-08		-0.09 	1.6112E-08		-0.09 	-3.2975E-09		-0.09 	-4.0481E-08		-0.09 	-4.0104E-08
-0.08 	-2.1376E-08		-0.08 	-1.1694E-09		-0.08 	1.2837E-08		-0.08 	1.7055E-08		-0.08 	1.6842E-08		-0.08 	-3.1252E-09		-0.08 	-3.3341E-08		-0.08 	-3.8573E-08
-0.07 	-2.0421E-08		-0.07 	5.3370E-10		-0.07 	1.2794E-08		-0.07 	1.7511E-08		-0.07 	1.6760E-08		-0.07 	1.5716E-10		-0.07 	-3.3636E-08		-0.07 	-3.6950E-08
-0.06 	-1.9756E-08		-0.06 	8.7120E-10		-0.06 	1.2804E-08		-0.06 	1.7305E-08		-0.06 	1.7403E-08		-0.06 	5.1606E-10		-0.06 	-3.4041E-08		-0.06 	-3.4109E-08
-0.05 	-1.9396E-08		-0.05 	1.3169E-09		-0.05 	1.3495E-08		-0.05 	1.7796E-08		-0.05 	1.7459E-08		-0.05 	1.9064E-09		-0.05 	-2.8455E-08		-0.05 	-3.4573E-08
-0.04 	-1.8638E-08		-0.04 	2.0826E-09		-0.04 	1.2997E-08		-0.04 	1.7937E-08		-0.04 	1.7426E-08		-0.04 	2.3819E-09		-0.04 	-2.8239E-08		-0.04 	-2.8596E-08
-0.03 	-1.8049E-08		-0.03 	2.8602E-09		-0.03 	1.3900E-08		-0.03 	1.8086E-08		-0.03 	1.8010E-08		-0.03 	4.4311E-09		-0.03 	-2.6004E-08		-0.03 	-2.7219E-08
-0.02 	-1.7878E-08		-0.02 	4.1508E-09		-0.02 	1.3733E-08		-0.02 	1.8575E-08		-0.02 	1.8077E-08		-0.02 	4.8694E-09		-0.02 	-2.4182E-08		-0.02 	-2.4983E-08
-0.01 	-1.7092E-08		-0.01 	5.0234E-09		-0.01 	1.4452E-08		-0.01 	1.8524E-08		-0.01 	1.8582E-08		-0.01 	4.4409E-09		-0.01 	-2.5590E-08		-0.01 	-2.3414E-08
0.00 	-1.5742E-08		0.00 	6.0067E-09		0.00 	1.4295E-08		0.00 	1.9115E-08		0.00 	1.8864E-08		0.00 	5.3270E-09		0.00 	-2.3917E-08		0.00 	-2.5996E-08
0.01 	-1.5493E-08		0.01 	7.5721E-09		0.01 	1.4935E-08		0.01 	1.8959E-08		0.01 	1.9112E-08		0.01 	6.3516E-09		0.01 	-2.0229E-08		0.01 	-2.3694E-08
0.02 	-1.5102E-08		0.02 	7.3353E-09		0.02 	1.4674E-08		0.02 	1.9380E-08		0.02 	1.9222E-08		0.02 	7.2786E-09		0.02 	-1.6915E-08		0.02 	-2.1615E-08
0.03 	-1.4234E-08		0.03 	8.4945E-09		0.03 	1.5609E-08		0.03 	1.9675E-08		0.03 	1.9583E-08		0.03 	8.5364E-09		0.03 	-1.5624E-08		0.03 	-2.1310E-08
0.04 	-1.3330E-08		0.04 	9.8471E-09		0.04 	1.5013E-08		0.04 	2.0091E-08		0.04 	1.9769E-08		0.04 	9.3120E-09		0.04 	-1.1283E-08		0.04 	-1.8173E-08
0.05 	-1.2427E-08		0.05 	9.9717E-09		0.05 	1.5981E-08		0.05 	2.0182E-08		0.05 	2.0254E-08		0.05 	9.8411E-09		0.05 	-1.1030E-08		0.05 	-1.4347E-08
0.06 	-1.1969E-08		0.06 	1.0437E-08		0.06 	1.6236E-08		0.06 	2.0520E-08		0.06 	2.0552E-08		0.06 	1.0636E-08		0.06 	-9.3713E-09		0.06 	-1.1642E-08
0.07 	-1.1112E-08		0.07 	1.1597E-08		0.07 	1.6203E-08		0.07 	2.1107E-08		0.07 	2.0875E-08		0.07 	1.1127E-08		0.07 	-8.8640E-09		0.07 	-1.0418E-08
0.08 	-1.0092E-08		0.08 	1.2961E-08		0.08 	1.7401E-08		0.08 	2.1274E-08		0.08 	2.1472E-08		0.08 	1.2097E-08		0.08 	-7.5460E-09		0.08 	-1.1237E-08
0.09 	-9.6595E-09		0.09 	1.3281E-08		0.09 	1.6484E-08		0.09 	2.1511E-08		0.09 	2.1516E-08		0.09 	1.2762E-08		0.09 	-6.2976E-09		0.09 	-7.5040E-09
0.10 	-8.8330E-09		0.10 	1.3452E-08		0.10 	1.7659E-08		0.10 	2.2135E-08		0.10 	2.1674E-08		0.10 	1.2883E-08		0.10 	-5.4465E-09		0.10 	-6.4268E-09
0.11 	-7.6350E-09		0.11 	1.4496E-08		0.11 	1.7179E-08		0.11 	2.2324E-08		0.11 	2.2273E-08		0.11 	1.3855E-08		0.11 	-3.2524E-09		0.11 	-4.4519E-09
0.12 	-6.6630E-09		0.12 	1.4890E-08		0.12 	1.7771E-08		0.12 	2.2261E-08		0.12 	2.2402E-08		0.12 	1.4684E-08		0.12 	-1.3189E-09		0.12 	-5.1029E-09
0.13 	-5.8223E-09		0.13 	1.5168E-08		0.13 	1.7762E-08		0.13 	2.2791E-08		0.13 	2.3349E-08		0.13 	1.4471E-08		0.13 	-7.1271E-10		0.13 	-3.9626E-09
0.14 	-4.9286E-09		0.14 	1.5409E-08		0.14 	1.8604E-08		0.14 	2.3246E-08		0.14 	2.3465E-08		0.14 	1.4840E-08		0.14 	4.7650E-10		0.14 	-3.3819E-09
0.15 	-4.7505E-09		0.15 	1.5817E-08		0.15 	1.8671E-08		0.15 	2.3707E-08		0.15 	2.3684E-08		0.15 	1.5604E-08		0.15 	8.3580E-10		0.15 	-1.9129E-09
0.16 	-3.8733E-09		0.16 	1.6827E-08		0.16 	1.9354E-08		0.16 	2.4064E-08		0.16 	2.4356E-08		0.16 	1.6216E-08		0.16 	4.7050E-09		0.16 	9.4083E-10
0.17 	-3.8192E-09		0.17 	1.6864E-08		0.17 	1.9051E-08		0.17 	2.4757E-08		0.17 	2.4715E-08		0.17 	1.6685E-08		0.17 	4.0407E-09		0.17 	8.5782E-11
0.18 	-2.4210E-09		0.18 	1.7203E-08		0.18 	1.9448E-08		0.18 	2.4887E-08		0.18 	2.5387E-08		0.18 	1.7570E-08		0.18 	4.7294E-09		0.17 	2.0952E-09
0.19 	-1.7343E-09		0.19 	1.7683E-08		0.19 	2.0526E-08		0.19 	2.5098E-08		0.19 	2.5330E-08		0.19 	1.7505E-08		0.19 	1.8230E-09		0.19 	-4.3609E-10
0.20 	-2.6156E-10		0.20 	1.8403E-08		0.20 	1.9841E-08		0.20 	2.5575E-08		0.20 	2.5462E-08		0.20 	1.7783E-08		0.20 	2.2619E-09		0.20 	1.4320E-09
0.21 	3.7991E-10		0.21 	1.8559E-08		0.21 	2.1188E-08		0.21 	2.5915E-08		0.21 	2.6652E-08		0.21 	1.8947E-08		0.21 	6.0696E-09		0.21 	2.1867E-09
0.22 	1.7390E-09		0.22 	1.9037E-08		0.22 	2.1087E-08		0.22 	2.5941E-08		0.22 	2.6663E-08		0.22 	1.9392E-08		0.22 	7.0848E-09		0.22 	3.6585E-09
0.23 	3.2919E-09		0.23 	1.9531E-08		0.23 	2.1628E-08		0.23 	2.6577E-08		0.23 	2.7679E-08		0.23 	2.0454E-08		0.23 	8.0777E-09		0.23 	4.0695E-09
0.24 	4.1169E-09		0.24 	1.9565E-08		0.24 	2.1839E-08		0.24 	2.6771E-08		0.24 	2.7541E-08		0.24 	2.1113E-08		0.24 	9.6360E-09		0.24 	5.4022E-09
0.25 	4.8224E-09		0.25 	2.0222E-08		0.25 	2.2313E-08		0.25 	2.7186E-08		0.25 	2.8070E-08		0.25 	2.1179E-08		0.25 	1.0115E-08		0.25 	6.9482E-09
0.26 	5.0997E-09		0.26 	2.0838E-08		0.26 	2.2538E-08		0.26 	2.8154E-08		0.26 	2.8898E-08		0.26 	2.0917E-08		0.26 	1.3056E-08		0.26 	8.1478E-09
0.27 	7.1967E-09		0.27 	2.1207E-08		0.27 	2.3565E-08		0.27 	2.8510E-08		0.27 	2.9187E-08		0.27 	2.1677E-08		0.27 	1.3215E-08		0.27 	8.4270E-09
0.28 	8.2795E-09		0.28 	2.1987E-08		0.28 	2.2891E-08		0.28 	2.8887E-08		0.28 	2.9449E-08		0.28 	2.2610E-08		0.28 	1.2591E-08		0.28 	1.0927E-08
0.29 	8.4731E-09		0.29 	2.3033E-08		0.29 	2.3725E-08		0.29 	2.9482E-08		0.29 	3.0374E-08		0.29 	2.2678E-08		0.29 	1.4037E-08		0.29 	1.0820E-08
0.30 	9.7606E-09		0.30 	2.2519E-08		0.30 	2.5212E-08		0.30 	2.9847E-08		0.30 	3.0412E-08		0.30 	2.3713E-08		0.30 	1.8619E-08		0.30 	1.1344E-08
0.31 	1.0590E-08		0.31 	2.3361E-08		0.31 	2.4500E-08		0.31 	2.9917E-08		0.31 	3.1165E-08		0.31 	2.3759E-08		0.31 	1.8080E-08		0.31 	1.3573E-08
0.32 	1.2241E-08		0.32 	2.3905E-08		0.32 	2.6009E-08		0.32 	3.0467E-08		0.32 	3.1475E-08		0.32 	2.4458E-08		0.32 	1.8778E-08		0.32 	1.3994E-08
0.33 	1.2898E-08		0.33 	2.4941E-08		0.33 	2.5439E-08		0.33 	3.0935E-08		0.33 	3.1565E-08		0.33 	2.5163E-08		0.33 	2.2073E-08		0.33 	1.3706E-08
0.34 	1.4125E-08		0.34 	2.5492E-08		0.34 	2.6391E-08		0.34 	3.1125E-08		0.34 	3.2356E-08		0.34 	2.5102E-08		0.34 	2.2986E-08		0.34 	1.4990E-08
0.35 	1.5367E-08		0.35 	2.5827E-08		0.35 	2.7021E-08		0.35 	3.1351E-08		0.35 	3.2901E-08		0.35 	2.5690E-08		0.35 	2.5309E-08		0.35 	1.5562E-08
0.36 	1.5802E-08		0.36 	2.6750E-08		0.36 	2.7530E-08		0.36 	3.1668E-08		0.36 	3.3388E-08		0.36 	2.6827E-08		0.36 	2.7054E-08		0.36 	1.6923E-08
0.37 	1.7439E-08		0.37 	2.7098E-08		0.37 	2.7501E-08		0.37 	3.2083E-08		0.37 	3.3851E-08		0.37 	2.7253E-08		0.37 	2.6342E-08		0.37 	1.8443E-08
0.38 	1.9794E-08		0.38 	2.8235E-08		0.38 	2.7623E-08		0.38 	3.2836E-08		0.38 	3.4315E-08		0.38 	2.8211E-08		0.38 	3.0633E-08		0.38 	1.8430E-08
0.39 	2.1750E-08		0.39 	2.8883E-08		0.39 	2.9433E-08		0.39 	3.3450E-08		0.39 	3.5246E-08		0.39 	2.9118E-08		0.39 	2.9601E-08		0.39 	1.8995E-08
0.40 	2.3543E-08		0.40 	2.9026E-08		0.40 	2.9759E-08		0.40 	3.4478E-08		0.40 	3.5552E-08		0.40 	2.9978E-08		0.40 	3.0498E-08		0.40 	1.8463E-08
0.41 	2.4252E-08		0.41 	3.0127E-08		0.41 	3.1166E-08		0.41 	3.3926E-08		0.41 	3.6196E-08		0.41 	2.9769E-08		0.41 	3.2448E-08		0.41 	1.9418E-08
0.42 	2.5829E-08		0.42 	3.0610E-08		0.42 	3.0665E-08		0.42 	3.4601E-08		0.42 	3.6511E-08		0.42 	3.0107E-08		0.42 	3.2205E-08		0.42 	2.1572E-08
0.43 	2.7172E-08		0.43 	3.1652E-08		0.43 	3.2137E-08		0.43 	3.5799E-08		0.43 	3.6706E-08		0.43 	3.1054E-08		0.43 	3.4977E-08		0.43 	2.2445E-08
0.44 	2.9010E-08		0.44 	3.1706E-08		0.44 	3.2180E-08		0.44 	3.6071E-08		0.44 	3.7759E-08		0.44 	3.3096E-08		0.44 	3.3631E-08		0.44 	2.3341E-08
0.45 	3.0804E-08		0.45 	3.1982E-08		0.45 	3.3479E-08		0.45 	3.6630E-08		0.45 	3.7909E-08		0.45 	3.4292E-08		0.45 	3.4839E-08		0.45 	2.3843E-08
0.46 	3.2399E-08		0.46 	3.3044E-08		0.46 	3.4666E-08		0.46 	3.7323E-08		0.46 	3.8740E-08		0.46 	3.3926E-08		0.46 	3.3067E-08		0.46 	2.3619E-08
0.47 	3.4206E-08		0.47 	3.3690E-08		0.47 	3.5089E-08		0.47 	3.7679E-08		0.47 	3.9647E-08		0.47 	3.5556E-08		0.47 	3.4190E-08		0.47 	2.4058E-08
0.48 	3.5128E-08		0.48 	3.4566E-08		0.48 	3.7483E-08		0.48 	3.8819E-08		0.48 	3.9665E-08		0.48 	3.7498E-08		0.48 	3.6339E-08		0.48 	2.6123E-08
0.49 	3.7156E-08		0.49 	3.5508E-08		0.49 	3.6842E-08		0.49 	3.8883E-08		0.49 	3.9688E-08		0.49 	3.7325E-08		0.49 	3.6788E-08		0.49 	2.6450E-08
0.50 	4.0019E-08		0.50 	3.6627E-08		0.50 	3.7875E-08		0.50 	3.9229E-08		0.50 	4.1697E-08		0.50 	3.8292E-08		0.50 	3.6071E-08		0.50 	2.7470E-08
0.51 	4.1362E-08		0.51 	3.7470E-08		0.51 	3.9038E-08		0.51 	3.9987E-08		0.51 	4.1179E-08		0.51 	4.0853E-08		0.51 	3.7472E-08		0.51 	2.7436E-08
0.52 	4.3636E-08		0.52 	3.7933E-08		0.52 	3.9602E-08		0.52 	3.9870E-08		0.52 	4.2228E-08		0.52 	4.0206E-08		0.52 	3.8071E-08		0.52 	3.0322E-08
0.53 	4.5324E-08		0.53 	3.8811E-08		0.53 	3.9808E-08		0.53 	4.0772E-08		0.53 	4.2474E-08		0.53 	4.0750E-08		0.53 	3.8062E-08		0.53 	3.4066E-08
0.54 	4.7291E-08		0.54 	3.9615E-08		0.54 	4.0663E-08		0.54 	4.0645E-08		0.54 	4.2655E-08		0.54 	4.3523E-08		0.54 	4.1269E-08		0.54 	3.3185E-08
0.55 	4.8910E-08		0.55 	4.0560E-08		0.55 	4.1932E-08		0.55 	4.1610E-08		0.55 	4.3067E-08		0.55 	4.3735E-08		0.55 	4.2041E-08		0.55 	3.3485E-08
0.56 	5.0439E-08		0.56 	4.2461E-08		0.56 	4.2265E-08		0.56 	4.2371E-08		0.56 	4.4094E-08		0.56 	4.5166E-08		0.56 	4.1072E-08		0.56 	3.2487E-08
0.57 	5.2491E-08		0.57 	4.2095E-08		0.57 	4.3511E-08		0.57 	4.2076E-08		0.57 	4.4855E-08		0.57 	4.6687E-08		0.57 	4.3130E-08		0.57 	3.4553E-08
0.58 	5.4740E-08		0.58 	4.3350E-08		0.58 	4.3106E-08		0.58 	4.3032E-08		0.58 	4.5700E-08		0.58 	4.7007E-08		0.58 	4.6405E-08		0.58 	3.5635E-08
0.59 	5.6306E-08		0.59 	4.4573E-08		0.59 	4.4639E-08		0.59 	4.3326E-08		0.59 	4.6500E-08		0.59 	4.7909E-08		0.59 	4.6591E-08		0.59 	3.9948E-08
0.60 	5.8146E-08		0.60 	4.4591E-08		0.60 	4.3837E-08		0.60 	4.4355E-08		0.60 	4.6630E-08		0.60 	4.9800E-08		0.60 	4.8014E-08		0.60 	3.8891E-08
0.61 	6.2291E-08		0.61 	4.5909E-08		0.61 	4.5444E-08		0.61 	4.4777E-08		0.61 	4.5706E-08		0.61 	5.2002E-08		0.61 	5.1644E-08		0.61 	3.9820E-08
0.62 	6.4415E-08		0.62 	4.8200E-08		0.62 	4.6275E-08		0.62 	4.5014E-08		0.62 	4.6775E-08		0.62 	5.2669E-08		0.62 	4.8446E-08		0.62 	4.2548E-08
0.63 	6.7137E-08		0.63 	4.8759E-08		0.63 	4.6078E-08		0.63 	4.4990E-08		0.63 	4.8115E-08		0.63 	5.5326E-08		0.63 	4.9800E-08		0.63 	4.3852E-08
0.64 	6.9174E-08		0.64 	4.8435E-08		0.64 	4.8378E-08		0.64 	4.6038E-08		0.64 	4.8881E-08		0.64 	5.4393E-08		0.64 	5.0296E-08		0.64 	4.3617E-08
0.65 	7.2114E-08		0.65 	4.9316E-08		0.65 	4.8413E-08		0.65 	4.6410E-08		0.65 	4.8622E-08		0.65 	5.4702E-08		0.65 	5.3831E-08		0.65 	4.6093E-08
0.66 	7.5423E-08		0.66 	5.0097E-08		0.66 	4.9353E-08		0.66 	4.7436E-08		0.66 	4.9819E-08		0.66 	5.6938E-08		0.66 	5.3565E-08		0.66 	4.3402E-08
0.67 	7.6412E-08		0.67 	5.1484E-08		0.67 	5.1317E-08		0.67 	4.8575E-08		0.67 	4.9733E-08		0.67 	5.8856E-08		0.67 	5.4099E-08		0.67 	4.7743E-08
0.68 	7.8382E-08		0.68 	5.2144E-08		0.68 	5.0026E-08		0.68 	4.9120E-08		0.68 	5.0655E-08		0.68 	5.9641E-08		0.68 	5.6600E-08		0.68 	4.5867E-08
0.69 	8.1482E-08		0.69 	5.2676E-08		0.69 	5.0829E-08		0.69 	4.9518E-08		0.69 	5.1600E-08		0.69 	6.0227E-08		0.69 	5.6370E-08		0.69 	4.7636E-08
0.70 	8.4869E-08		0.70 	5.3444E-08		0.70 	5.2114E-08		0.70 	4.8969E-08		0.70 	5.1740E-08		0.70 	6.2014E-08		0.70 	5.9090E-08		0.70 	4.9597E-08
0.71 	8.6120E-08		0.71 	5.4300E-08		0.71 	5.2433E-08		0.71 	4.9473E-08		0.71 	5.3257E-08		0.71 	6.2552E-08		0.71 	6.0167E-08		0.71 	5.2329E-08
0.72 	8.9389E-08		0.72 	5.5308E-08		0.72 	5.4060E-08		0.72 	4.9466E-08		0.72 	5.3200E-08		0.72 	6.3660E-08		0.72 	5.9800E-08		0.72 	5.3216E-08
0.73 	9.0052E-08		0.73 	5.6673E-08		0.73 	5.3909E-08		0.73 	5.0563E-08		0.73 	5.3569E-08		0.73 	6.5559E-08		0.73 	6.1714E-08		0.73 	5.0266E-08
0.74 	9.0694E-08		0.74 	5.8206E-08		0.74 	5.5065E-08		0.74 	5.1872E-08		0.74 	5.3912E-08		0.74 	6.7143E-08		0.74 	6.2616E-08		0.74 	5.3227E-08
0.75 	9.4042E-08		0.75 	5.9326E-08		0.75 	5.5598E-08		0.75 	5.2919E-08		0.75 	5.4626E-08		0.75 	6.8620E-08		0.75 	6.6633E-08		0.75 	5.6244E-08
0.76 	9.6911E-08		0.76 	6.0909E-08		0.76 	5.6518E-08		0.76 	5.2998E-08		0.76 	5.5883E-08		0.76 	7.0612E-08		0.76 	6.8244E-08		0.76 	5.5685E-08
0.77 	1.0046E-07		0.77 	6.1736E-08		0.77 	5.7319E-08		0.77 	5.3691E-08		0.77 	5.6822E-08		0.77 	7.0474E-08		0.77 	6.7317E-08		0.77 	5.6143E-08
0.78 	1.0318E-07		0.78 	6.2329E-08		0.78 	5.8170E-08		0.78 	5.4179E-08		0.78 	5.7043E-08		0.78 	7.2058E-08		0.78 	6.9895E-08		0.78 	5.5380E-08
0.79 	1.0835E-07		0.79 	6.3939E-08		0.79 	5.9027E-08		0.79 	5.3935E-08		0.79 	5.8333E-08		0.79 	7.2160E-08		0.79 	6.9566E-08		0.79 	5.8791E-08
0.80 	1.1094E-07		0.80 	6.4400E-08		0.80 	5.9323E-08		0.80 	5.4245E-08		0.80 	5.7392E-08		0.80 	7.1938E-08		0.80 	7.3743E-08		0.80 	5.9365E-08
0.81 	1.1379E-07		0.81 	6.5569E-08		0.81 	6.0910E-08		0.81 	5.5425E-08		0.81 	5.9784E-08		0.81 	7.4695E-08		0.81 	6.9730E-08		0.81 	6.0664E-08
0.82 	1.1572E-07		0.82 	6.7122E-08		0.82 	6.0557E-08		0.82 	5.4868E-08		0.82 	5.8885E-08		0.82 	7.6064E-08		0.82 	7.0427E-08		0.82 	6.2435E-08
0.83 	1.1827E-07		0.83 	6.8013E-08		0.83 	6.2560E-08		0.83 	5.5761E-08		0.83 	5.8545E-08		0.83 	7.5382E-08		0.83 	7.0931E-08		0.83 	6.4296E-08
0.84 	1.2382E-07		0.84 	6.7812E-08		0.84 	6.3064E-08		0.84 	5.6760E-08		0.84 	5.9390E-08		0.84 	7.6433E-08		0.84 	7.4552E-08		0.84 	6.4097E-08
0.85 	1.2685E-07		0.85 	6.8952E-08		0.85 	6.4257E-08		0.85 	5.6956E-08		0.85 	5.9000E-08		0.85 	7.7856E-08		0.85 	7.4961E-08		0.85 	6.7421E-08
0.86 	1.3182E-07		0.86 	6.9498E-08		0.86 	6.4394E-08		0.86 	5.6523E-08		0.86 	6.2223E-08		0.86 	7.8614E-08		0.86 	7.7479E-08		0.86 	6.9563E-08
0.87 	1.3434E-07		0.87 	7.1934E-08		0.87 	6.5297E-08		0.87 	5.7640E-08		0.87 	6.1488E-08		0.87 	8.0246E-08		0.87 	7.9601E-08		0.87 	6.9816E-08
0.88 	1.3846E-07		0.88 	7.2060E-08		0.88 	6.7423E-08		0.88 	5.8612E-08		0.88 	6.1492E-08		0.88 	8.1451E-08		0.88 	7.7389E-08		0.88 	7.0752E-08
0.89 	1.4110E-07		0.89 	7.3057E-08		0.89 	6.5570E-08		0.89 	5.9474E-08		0.89 	6.4048E-08		0.89 	8.5051E-08		0.89 	8.1478E-08		0.89 	7.2407E-08
0.90 	1.4415E-07		0.90 	7.3704E-08		0.90 	6.8305E-08		0.90 	5.9412E-08		0.90 	6.3792E-08		0.90 	8.6801E-08		0.90 	8.1655E-08		0.90 	7.2909E-08
0.91 	1.4660E-07		0.91 	7.3498E-08		0.91 	6.7334E-08		0.91 	5.9423E-08		0.91 	6.4347E-08		0.91 	8.9389E-08		0.91 	7.8578E-08		0.91 	7.4809E-08
0.92 	1.4959E-07		0.92 	7.5251E-08		0.92 	6.7529E-08		0.92 	6.0531E-08		0.92 	6.4542E-08		0.92 	8.8888E-08		0.92 	8.5383E-08		0.92 	7.8525E-08
0.93 	1.5372E-07		0.93 	7.5403E-08		0.93 	6.8763E-08		0.93 	6.1140E-08		0.93 	6.5862E-08		0.93 	9.0486E-08		0.93 	8.6241E-08		0.93 	7.9317E-08
0.94 	1.5846E-07		0.94 	7.6679E-08		0.94 	6.8940E-08		0.94 	6.2034E-08		0.94 	6.5690E-08		0.94 	9.1224E-08		0.94 	8.8727E-08		0.94 	8.1107E-08
0.95 	1.6031E-07		0.95 	7.7116E-08		0.95 	7.0088E-08		0.95 	6.3381E-08		0.95 	6.5268E-08		0.95 	9.3691E-08		0.95 	9.3652E-08		0.95 	8.2523E-08
0.96 	1.6464E-07		0.96 	7.8811E-08		0.96 	7.0704E-08		0.96 	6.2836E-08		0.96 	6.6676E-08		0.96 	9.3059E-08		0.96 	9.4727E-08		0.96 	8.4591E-08
0.97 	1.7041E-07		0.97 	7.9943E-08		0.97 	7.1530E-08		0.97 	6.3721E-08		0.97 	6.7552E-08		0.97 	9.5809E-08		0.97 	9.5276E-08		0.97 	8.6971E-08
0.98 	1.6936E-07		0.98 	8.1317E-08		0.98 	7.1561E-08		0.98 	6.4399E-08		0.98 	6.8145E-08		0.98 	9.3259E-08		0.98 	9.7564E-08		0.98 	8.7573E-08
0.99 	1.7582E-07		0.99 	8.0939E-08		0.99 	7.2626E-08		0.99 	6.5954E-08		0.99 	6.9294E-08		0.99 	9.8910E-08		0.99 	9.8854E-08		0.99 	8.9012E-08
1.00 	1.8230E-07		1.00 	8.2930E-08		1.00 	7.3389E-08		1.00 	6.6433E-08		1.00 	7.0647E-08		1.00 	9.7331E-08		1.00 	1.0272E-07		1.00 	9.1236E-08
