（current to voltage amplifier *1E8）
0	0.08
0.000004	0.16
0.000008	0.16
0.000012	0.16
0.000016	0.16
0.00002	0.24
0.000024	0.24
0.000028	0.32
0.000032	0.4
0.000036	0.56
0.00004	0.64
0.000044	0.8
0.000048	0.96
0.000052	1.12
0.000056	1.28
0.00006	1.44
0.000064	1.52
0.000068	1.6
0.000072	1.68
0.000076	1.76
0.00008	1.76
0.000084	1.84
0.000088	2
0.000092	2.08
0.000096	2.08
0.0001	2.16
0.000104	2.24
0.000108	2.24
0.000112	2.32
0.000116	2.4
0.00012	2.4
0.000124	2.4
0.000128	2.4
0.000132	2.48
0.000136	2.56
0.00014	2.56
0.000144	2.56
0.000148	2.64
0.000152	2.64
0.000156	2.64
0.00016	2.72
0.000164	2.72
0.000168	2.72
0.000172	2.8
0.000176	2.72
0.00018	2.8
0.000184	2.8
0.000188	2.8
0.000192	2.8
0.000196	2.88
0.0002	2.88
0.000204	2.88
0.000208	2.88
0.000212	2.88
0.000216	2.88
0.00022	2.88
0.000224	2.88
0.000228	2.96
0.000232	2.96
0.000236	2.96
0.00024	2.96
0.000244	2.96
0.000248	3.04
0.000252	2.96
0.000256	2.96
0.00026	2.96
0.000264	2.96
0.000268	2.96
0.000272	2.96
0.000276	2.96
0.00028	2.96
0.000284	3.04
0.000288	3.04
0.000292	3.04
0.000296	3.04
0.0003	2.96
0.000304	2.96
0.000308	3.04
0.000312	2.96
0.000316	3.04
0.00032	3.04
0.000324	3.04
0.000328	3.04
0.000332	3.04
0.000336	3.04
0.00034	3.04
0.000344	2.96
0.000348	3.04
0.000352	3.04
0.000356	3.04
0.00036	3.04
0.000364	3.04
0.000368	3.04
0.000372	3.04
0.000376	3.04
0.00038	3.04
0.000384	3.04
0.000388	3.04
0.000392	3.04
0.000396	3.12
0.0004	3.04
0.000404	3.12
0.000408	3.04
0.000412	3.04
0.000416	3.12
0.00042	3.04
0.000424	3.12
0.000428	3.12
0.000432	3.04
0.000436	3.04
0.00044	3.04
0.000444	3.12
0.000448	3.04
0.000452	3.04
0.000456	3.12
0.00046	3.12
0.000464	3.04
0.000468	3.04
0.000472	3.04
0.000476	3.04
0.00048	3.04
0.000484	3.04
0.000488	3.04
0.000492	2.96
0.000496	3.04
0.0005	3.04
0.000504	2.96
0.000508	2.88
0.000512	2.8
0.000516	2.72
0.00052	2.72
0.000524	2.56
0.000528	2.48
0.000532	2.4
0.000536	2.32
0.00054	2.16
0.000544	2.08
0.000548	2
0.000552	1.92
0.000556	1.76
0.00056	1.68
0.000564	1.68
0.000568	1.52
0.000572	1.52
0.000576	1.36
0.00058	1.28
0.000584	1.2
0.000588	1.12
0.000592	1.04
0.000596	0.96
0.0006	0.96
0.000604	0.96
0.000608	0.8
0.000612	0.8
0.000616	0.72
0.00062	0.72
0.000624	0.64
0.000628	0.64
0.000632	0.56
0.000636	0.56
0.00064	0.56
0.000644	0.56
0.000648	0.48
0.000652	0.4
0.000656	0.48
0.00066	0.4
0.000664	0.4
0.000668	0.32
0.000672	0.32
0.000676	0.32
0.00068	0.32
0.000684	0.32
0.000688	0.24
0.000692	0.24
0.000696	0.24
0.0007	0.24
0.000704	0.24
0.000708	0.24
0.000712	0.24
0.000716	0.24
0.00072	0.24
0.000724	0.24
0.000728	0.24
0.000732	0.16
0.000736	0.16
0.00074	0.24
0.000744	0.16
0.000748	0.16
0.000752	0.16
0.000756	0.08
0.00076	0.16
0.000764	0.16
0.000768	0.16
0.000772	0.16
0.000776	0.16
0.00078	0.16
0.000784	0.16
0.000788	0.16
0.000792	0.16
0.000796	0.16
0.0008	0.16
0.000804	0.08
0.000808	0.08
0.000812	0.16
0.000816	0.08
0.00082	0.08
0.000824	0.08
0.000828	0.16
0.000832	0.08
0.000836	0.16
0.00084	0.16
0.000844	0.08
0.000848	0.08
0.000852	0.16
0.000856	0.08
0.00086	0.08
0.000864	0.08
0.000868	0.16
0.000872	0.16
0.000876	0.08
0.00088	0.08
0.000884	0.08
0.000888	0.16
0.000892	0.08
0.000896	0.08
0.0009	0.08
0.000904	0.08
0.000908	0.08
0.000912	0.08
0.000916	0.08
0.00092	0.16
0.000924	0.16
0.000928	0
0.000932	0.08
0.000936	0.08
0.00094	0.08
0.000944	0.08
0.000948	0.08
0.000952	0.08
0.000956	0.08
0.00096	0.08
0.000964	0.08
0.000968	0.08
0.000972	0.08
0.000976	0.08
0.00098	0.08
0.000984	0.08
0.000988	0.08
0.000992	0.08
0.000996	0.08
0.001	0.08
0.001004	0.08
0.001008	0
0.001012	0
0.001016	0
0.00102	0.08
0.001024	0.16
0.001028	0.24
0.001032	0.32
0.001036	0.24
0.00104	0.24
0.001044	0.24
0.001048	0.24
0.001052	0.24
0.001056	0.24
0.00106	0.4
0.001064	0.64
0.001068	0.8
0.001072	0.96
0.001076	1.04
0.00108	1.12
0.001084	1.28
0.001088	1.28
0.001092	1.44
0.001096	1.52
0.0011	1.68
0.001104	1.84
0.001108	1.92
0.001112	1.92
0.001116	1.92
0.00112	2
0.001124	2.16
0.001128	2.24
0.001132	2.32
0.001136	2.32
0.00114	2.4
0.001144	2.48
0.001148	2.56
0.001152	2.48
0.001156	2.48
0.00116	2.56
0.001164	2.64
0.001168	2.64
0.001172	2.56
0.001176	2.64
0.00118	2.72
0.001184	2.72
0.001188	2.8
0.001192	2.8
0.001196	2.8
0.0012	2.96
0.001204	2.96
0.001208	2.88
0.001212	2.88
0.001216	2.88
0.00122	2.8
0.001224	2.88
0.001228	2.88
0.001232	2.96
0.001236	3.04
0.00124	2.96
0.001244	2.96
0.001248	2.96
0.001252	2.88
0.001256	2.96
0.00126	2.96
0.001264	2.88
0.001268	2.96
0.001272	2.96
0.001276	3.04
0.00128	3.12
0.001284	3.12
0.001288	3.04
0.001292	3.04
0.001296	3.12
0.0013	3.04
0.001304	3.04
0.001308	3.04
0.001312	3.04
0.001316	3.04
0.00132	3.04
0.001324	3.04
0.001328	3.04
0.001332	3.12
0.001336	3.12
0.00134	3.04
0.001344	3.12
0.001348	3.04
0.001352	3.04
0.001356	3.12
0.00136	3.04
0.001364	3.04
0.001368	3.12
0.001372	3.12
0.001376	3.12
0.00138	3.12
0.001384	3.12
0.001388	3.12
0.001392	3.12
0.001396	3.04
0.0014	3.04
0.001404	3.04
0.001408	3.12
0.001412	3.12
0.001416	3.12
0.00142	3.12
0.001424	3.12
0.001428	3.12
0.001432	3.12
0.001436	3.12
0.00144	3.04
0.001444	3.12
0.001448	3.12
0.001452	3.12
0.001456	3.12
0.00146	3.12
0.001464	3.2
0.001468	3.2
0.001472	3.12
0.001476	3.12
0.00148	3.12
0.001484	3.12
0.001488	3.12
0.001492	3.12
0.001496	3.12
0.0015	3.12
0.001504	3.12
0.001508	3.12
0.001512	3.2
0.001516	3.12
0.00152	3.2
0.001524	3.12
0.001528	3.12
0.001532	3.04
0.001536	3.04
0.00154	2.96
0.001544	2.96
0.001548	2.88
0.001552	2.8
0.001556	2.72
0.00156	2.64
0.001564	2.48
0.001568	2.32
0.001572	2.24
0.001576	2.08
0.00158	2
0.001584	1.92
0.001588	1.76
0.001592	1.68
0.001596	1.68
0.0016	1.68
0.001604	1.52
0.001608	1.36
0.001612	1.28
0.001616	1.28
0.00162	1.2
0.001624	1.04
0.001628	0.96
0.001632	0.88
0.001636	0.88
0.00164	0.88
0.001644	0.8
0.001648	0.72
0.001652	0.8
0.001656	0.8
0.00166	0.72
0.001664	0.56
0.001668	0.48
0.001672	0.4
0.001676	0.48
0.00168	0.4
0.001684	0.48
0.001688	0.48
0.001692	0.48
0.001696	0.48
0.0017	0.48
0.001704	0.4
0.001708	0.32
0.001712	0.24
0.001716	0.24
0.00172	0.24
0.001724	0.16
0.001728	0.24
0.001732	0.24
0.001736	0.32
0.00174	0.32
0.001744	0.24
0.001748	0.32
0.001752	0.24
0.001756	0.24
0.00176	0.16
0.001764	0.08
0.001768	0.08
0.001772	0.16
0.001776	0.16
0.00178	0.16
0.001784	0.16
0.001788	0.16
0.001792	0.24
0.001796	0.16
0.0018	0.16
0.001804	0.08
0.001808	0.16
0.001812	0.08
0.001816	0.08
0.00182	0.08
0.001824	0
0.001828	0.08
0.001832	0.16
0.001836	0.16
0.00184	0.16
0.001844	0.16
0.001848	0.16
0.001852	0.08
0.001856	0
0.00186	0
0.001864	0
0.001868	0
0.001872	0.08
0.001876	0.16
0.00188	0.16
0.001884	0.24
0.001888	0.16
0.001892	0.16
0.001896	0.16
0.0019	0
0.001904	-0.08
0.001908	0
0.001912	0
0.001916	0
0.00192	0.08
0.001924	0.08
0.001928	0.16
0.001932	0.16
0.001936	0.08
0.00194	0.08
0.001944	0
0.001948	-0.08
0.001952	0
0.001956	-0.08
0.00196	0
0.001964	0.08
0.001968	0.08
0.001972	0.16
0.001976	0.16
0.00198	0.16
0.001984	0.16
0.001988	0.08
0.001992	-0.08
0.001996	0
0.002	0
0.002004	0
0.002008	0.08
0.002012	0.24
0.002016	0.4
0.00202	0.56
0.002024	0.72
0.002028	0.88
0.002032	0.96
0.002036	1.04
0.00204	0.96
0.002044	1.04
0.002048	1.2
0.002052	1.36
0.002056	1.44
0.00206	1.6
0.002064	1.68
0.002068	1.84
0.002072	1.92
0.002076	1.92
0.00208	2.08
0.002084	2.16
0.002088	2.24
0.002092	2.16
0.002096	2.08
0.0021	2.08
0.002104	2.08
0.002108	2.16
0.002112	2.32
0.002116	2.4
0.00212	2.56
0.002124	2.72
0.002128	2.72
0.002132	2.72
0.002136	2.64
0.00214	2.56
0.002144	2.48
0.002148	2.48
0.002152	2.48
0.002156	2.48
0.00216	2.56
0.002164	2.72
0.002168	2.8
0.002172	2.8
0.002176	2.8
0.00218	2.72
0.002184	2.72
0.002188	2.64
0.002192	2.64
0.002196	2.64
0.0022	2.72
0.002204	2.72
0.002208	2.8
0.002212	2.88
0.002216	2.96
0.00222	2.96
0.002224	2.88
0.002228	2.88
0.002232	2.64
0.002236	2.64
0.00224	2.64
0.002244	2.64
0.002248	2.72
0.002252	2.8
0.002256	2.96
0.00226	3.04
0.002264	2.96
0.002268	2.88
0.002272	2.8
0.002276	2.8
0.00228	2.72
0.002284	2.72
0.002288	2.72
0.002292	2.8
0.002296	2.88
0.0023	2.96
0.002304	3.04
0.002308	3.04
0.002312	3.04
0.002316	2.96
0.00232	2.88
0.002324	2.72
0.002328	2.72
0.002332	2.8
0.002336	2.88
0.00234	2.88
0.002344	3.04
0.002348	3.04
0.002352	3.12
0.002356	3.12
0.00236	3.04
0.002364	2.88
0.002368	2.88
0.002372	2.88
0.002376	2.88
0.00238	2.8
0.002384	2.88
0.002388	3.04
0.002392	3.12
0.002396	3.12
0.0024	3.12
0.002404	3.04
0.002408	2.96
0.002412	2.96
0.002416	2.88
0.00242	2.8
0.002424	2.8
0.002428	2.88
0.002432	3.04
0.002436	3.04
0.00244	3.04
0.002444	3.12
0.002448	3.12
0.002452	3.04
0.002456	2.96
0.00246	2.8
0.002464	2.8
0.002468	2.8
0.002472	2.8
0.002476	2.88
0.00248	2.88
0.002484	3.04
0.002488	3.12
0.002492	3.04
0.002496	2.88
0.0025	2.72
0.002504	2.64
0.002508	2.48
0.002512	2.4
0.002516	2.32
0.00252	2.24
0.002524	2.24
0.002528	2.24
0.002532	2.16
0.002536	2.08
0.00254	1.92
0.002544	1.76
0.002548	1.6
0.002552	1.44
0.002556	1.28
0.00256	1.28
0.002564	1.28
0.002568	1.28
0.002572	1.2
0.002576	1.2
0.00258	1.2
0.002584	1.04
0.002588	0.96
0.002592	0.8
0.002596	0.72
0.0026	0.64
0.002604	0.56
0.002608	0.56
0.002612	0.56
0.002616	0.56
0.00262	0.64
0.002624	0.64
0.002628	0.56
0.002632	0.56
0.002636	0.4
0.00264	0.4
0.002644	0.24
0.002648	0.24
0.002652	0.16
0.002656	0.24
0.00266	0.24
0.002664	0.32
0.002668	0.4
0.002672	0.4
0.002676	0.32
0.00268	0.4
0.002684	0.24
0.002688	0.08
0.002692	0.08
0.002696	0.08
0.0027	0.08
0.002704	0.08
0.002708	0.16
0.002712	0.24
0.002716	0.32
0.00272	0.24
0.002724	0.24
0.002728	0.16
0.002732	0.08
0.002736	0
0.00274	0
0.002744	0
0.002748	0
0.002752	0.08
0.002756	0.16
0.00276	0.16
0.002764	0.16
0.002768	0.16
0.002772	0.16
0.002776	0.16
0.00278	0
0.002784	-0.08
0.002788	0
0.002792	0
0.002796	0.08
0.0028	0
0.002804	0
0.002808	0.08
0.002812	0.08
0.002816	0.08
0.00282	0
0.002824	0
0.002828	0
0.002832	0
0.002836	-0.08
0.00284	0
0.002844	0
0.002848	0.08
0.002852	0.08
0.002856	0.08
0.00286	0.08
0.002864	0.08
0.002868	0.08
0.002872	0
0.002876	-0.08
0.00288	-0.16
0.002884	-0.08
0.002888	-0.08
0.002892	0
0.002896	0
0.0029	0
0.002904	0.08
0.002908	0.16
0.002912	0
0.002916	0
0.00292	0
0.002924	-0.08
0.002928	-0.08
0.002932	-0.08
0.002936	-0.08
0.00294	0
0.002944	0.08
0.002948	0.16
0.002952	0.08
0.002956	0.08
0.00296	0
0.002964	0
0.002968	-0.08
0.002972	-0.08
0.002976	-0.16
0.00298	-0.08
0.002984	0
0.002988	0.08
0.002992	0.08
0.002996	0.08
0.003	0.08
0.003004	0.08
0.003008	0.08
0.003012	0.08
0.003016	0.08
0.00302	0.16
0.003024	0.24
0.003028	0.4
0.003032	0.48
0.003036	0.56
0.00304	0.64
0.003044	0.64
0.003048	0.8
0.003052	0.88
0.003056	1.04
0.00306	1.2
0.003064	1.28
0.003068	1.52
0.003072	1.68
0.003076	1.76
0.00308	1.84
0.003084	2
0.003088	2
0.003092	2
0.003096	2
0.0031	2.08
0.003104	2.24
0.003108	2.32
0.003112	2.4
0.003116	2.48
0.00312	2.56
0.003124	2.64
0.003128	2.64
0.003132	2.64
0.003136	2.56
0.00314	2.56
0.003144	2.64
0.003148	2.72
0.003152	2.72
0.003156	2.8
0.00316	2.88
0.003164	2.96
0.003168	2.96
0.003172	2.96
0.003176	2.88
0.00318	2.96
0.003184	2.88
0.003188	2.88
0.003192	2.88
0.003196	2.88
0.0032	2.96
0.003204	3.04
0.003208	3.12
0.003212	3.12
0.003216	3.12
0.00322	3.12
0.003224	3.04
0.003228	2.96
0.003232	2.88
0.003236	2.96
0.00324	2.96
0.003244	3.04
0.003248	3.04
0.003252	3.12
0.003256	3.12
0.00326	3.2
0.003264	3.12
0.003268	3.12
0.003272	3.04
0.003276	2.96
0.00328	2.96
0.003284	2.96
0.003288	2.96
0.003292	3.12
0.003296	3.12
0.0033	3.2
0.003304	3.28
0.003308	3.2
0.003312	3.2
0.003316	3.12
0.00332	3.12
0.003324	2.96
0.003328	2.96
0.003332	2.96
0.003336	3.12
0.00334	3.12
0.003344	3.28
0.003348	3.28
0.003352	3.28
0.003356	3.28
0.00336	3.2
0.003364	3.12
0.003368	3.04
0.003372	3.04
0.003376	3.04
0.00338	3.04
0.003384	3.12
0.003388	3.12
0.003392	3.28
0.003396	3.28
0.0034	3.28
0.003404	3.2
0.003408	3.12
0.003412	3.12
0.003416	3.12
0.00342	3.04
0.003424	3.04
0.003428	3.12
0.003432	3.12
0.003436	3.2
0.00344	3.28
0.003444	3.28
0.003448	3.28
0.003452	3.2
0.003456	3.12
0.00346	3.04
0.003464	2.96
0.003468	2.96
0.003472	3.12
0.003476	3.12
0.00348	3.12
0.003484	3.28
0.003488	3.36
0.003492	3.28
0.003496	3.2
0.0035	3.04
0.003504	2.96
0.003508	2.88
0.003512	2.8
0.003516	2.72
0.00352	2.48
0.003524	2.32
0.003528	2.16
0.003532	2.08
0.003536	2.08
0.00354	2
0.003544	2
0.003548	2
0.003552	1.92
0.003556	1.84
0.00356	1.6
0.003564	1.44
0.003568	1.28
0.003572	1.2
0.003576	1.12
0.00358	1.12
0.003584	1.12
0.003588	1.2
0.003592	1.2
0.003596	1.2
0.0036	1.04
0.003604	0.88
0.003608	0.8
0.003612	0.72
0.003616	0.56
0.00362	0.48
0.003624	0.56
0.003628	0.56
0.003632	0.72
0.003636	0.72
0.00364	0.72
0.003644	0.64
0.003648	0.56
0.003652	0.4
0.003656	0.24
0.00366	0.16
0.003664	0.24
0.003668	0.32
0.003672	0.4
0.003676	0.48
0.00368	0.48
0.003684	0.48
0.003688	0.4
0.003692	0.24
0.003696	0.16
0.0037	0.24
0.003704	0.24
0.003708	0.32
0.003712	0.32
0.003716	0.24
0.00372	0.24
0.003724	0.24
0.003728	0.24
0.003732	0.16
0.003736	0.16
0.00374	0.16
0.003744	0.16
0.003748	0.24
0.003752	0.24
0.003756	0.16
0.00376	0.24
0.003764	0.32
0.003768	0.24
0.003772	0.24
0.003776	0.16
0.00378	0.16
0.003784	0.08
0.003788	0.16
0.003792	0.08
0.003796	0.16
0.0038	0.16
0.003804	0.24
0.003808	0.24
0.003812	0.16
0.003816	0.16
0.00382	0.16
0.003824	0.16
0.003828	0.08
0.003832	0.16
0.003836	0.16
0.00384	0.16
0.003844	0.16
0.003848	0.16
0.003852	0.16
0.003856	0.16
0.00386	0.24
0.003864	0.16
0.003868	0
0.003872	0
0.003876	0.08
0.00388	0.08
0.003884	0.08
0.003888	0.08
0.003892	0.16
0.003896	0.16
0.0039	0.16
0.003904	0.16
0.003908	0.08
0.003912	0.08
0.003916	0.08
0.00392	0
0.003924	0
0.003928	0
0.003932	0.08
0.003936	0.16
0.00394	0.16
0.003944	0.08
0.003948	0.16
0.003952	0.16
0.003956	0.16
0.00396	0
0.003964	0
0.003968	0
0.003972	0.08
0.003976	0.16
0.00398	0.16
0.003984	0.08
0.003988	0.16
0.003992	0.16
0.003996	0.16
